["port 1","LEFT"]
["port 2","RIGHT"]
["port 3","BOTTOM"]
["port 4","BOTTOM"]
("port 2","mode 1",1,"port 2",1,"transmission")
(27, 3)
1.8737028625000000e+14 3.8875828013087044e-03 3.1139340738354124e+00
1.8789075926736112e+14 4.0748006888200773e-03 3.0377456917752919e+00
1.8841123228472222e+14 3.0043621667151586e-03 3.1212744333195874e+00
1.8893170530208334e+14 3.3821257476809325e-03 3.0042858291104357e+00
1.8945217831944444e+14 2.5385955451672510e-03 3.1049597832080078e+00
1.8997265133680556e+14 3.0121038403296508e-03 3.0751756461721786e+00
1.9049312435416666e+14 2.1129088474609839e-03 3.3339414832186902e+00
1.9101359737152778e+14 2.2768501537956272e-03 3.3507769558430676e+00
1.9153407038888888e+14 1.3003861319521250e-03 3.9078127574441055e+00
1.9205454340625000e+14 1.0885611770013440e-03 3.7735290882033201e+00
1.9257501642361109e+14 6.8018129757541263e-04 5.1917446104348262e+00
1.9309548944097222e+14 1.6128260361994562e-04 5.2797272690027039e+00
1.9359660086208747e+14 9.1651144334440053e-04 6.2528916256405722e+00
1.9361596245833331e+14 9.3114732139648994e-04 6.3023788128358280e+00
1.9363532405457916e+14 9.4352178860090724e-04 6.3512652985804232e+00
1.9413643547569444e+14 5.1274441809529578e-04 6.9247139454092101e+00
1.9465690849305556e+14 1.1934030296451071e-03 6.5188842614305251e+00
1.9517738151041666e+14 8.0923616631048314e-04 6.8139311906826263e+00
1.9569785452777778e+14 1.5508167209998171e-03 6.5730541912376053e+00
1.9621832754513888e+14 1.1324767722228914e-03 6.8540107041841987e+00
1.9673880056250000e+14 1.6804030880851611e-03 6.6953846317213319e+00
1.9725927357986109e+14 1.0268258597479166e-03 6.9299285815609331e+00
1.9777974659722222e+14 1.4125332093786363e-03 6.5677577741890616e+00
1.9830021961458331e+14 8.3443590177205700e-04 6.2737127131419674e+00
1.9882069263194444e+14 1.7586982335563363e-03 6.0995971123071655e+00
1.9934116564930553e+14 1.7117864445991000e-03 5.9095189566271893e+00
1.9986163866666666e+14 2.7326914166290578e-03 6.0769959888858214e+00
("port 2","mode 1",1,"port 3",1,"transmission")
(27, 3)
1.8737028625000000e+14 3.8807781727417340e-01 2.5017543344373956e+00
1.8789075926736112e+14 3.8222013724906295e-01 2.9295948814915844e+00
1.8841123228472222e+14 3.7522277261324932e-01 3.3631001538977316e+00
1.8893170530208334e+14 3.6876284331783787e-01 3.7920431225480167e+00
1.8945217831944444e+14 3.6241448725135267e-01 4.2255479462090975e+00
1.8997265133680556e+14 3.5563564765071332e-01 4.6566712343275105e+00
1.9049312435416666e+14 3.4957684100643843e-01 5.0892348250185471e+00
1.9101359737152778e+14 3.4296316108686958e-01 5.5228800878085478e+00
1.9153407038888888e+14 3.3674952257138518e-01 5.9545339165402655e+00
1.9205454340625000e+14 3.3070976021852305e-01 6.3900318002707213e+00
1.9257501642361109e+14 3.2409097298206374e-01 6.8217385109700857e+00
1.9309548944097222e+14 3.1873939088152509e-01 7.2577476059260535e+00
1.9359660086208747e+14 3.1201588752287140e-01 7.6748180132299701e+00
1.9361596245833331e+14 3.1180737027746780e-01 7.6908064499752999e+00
1.9363532405457916e+14 3.1160481962822567e-01 7.7068004710008049e+00
1.9413643547569444e+14 3.0692205889197682e-01 8.1260638315258600e+00
1.9465690849305556e+14 3.0004852472642007e-01 8.5612960960682134e+00
1.9517738151041666e+14 2.9522406932459955e-01 8.9953380123721836e+00
1.9569785452777778e+14 2.8883724339073619e-01 9.4325360115905639e+00
1.9621832754513888e+14 2.8373559358305966e-01 9.8659680954752957e+00
1.9673880056250000e+14 2.7807177855912080e-01 1.0303945179801820e+01
1.9725927357986109e+14 2.7262475274164916e-01 1.0738082762199925e+01
1.9777974659722222e+14 2.6759769181974535e-01 1.1175330942916929e+01
1.9830021961458331e+14 2.6204011755416451e-01 1.1611382038248207e+01
1.9882069263194444e+14 2.5730486351230225e-01 1.2046952818143916e+01
1.9934116564930553e+14 2.5202721020797014e-01 1.2485231707549200e+01
1.9986163866666666e+14 2.4719469596590715e-01 1.2919320209659721e+01
("port 2","mode 1",1,"port 4",1,"transmission")
(27, 3)
1.8737028625000000e+14 1.6375031446435413e-03 3.9651770439032014e-01
1.8789075926736112e+14 1.5370115282051012e-03 7.4057957566658417e-01
1.8841123228472222e+14 1.3768806386490846e-03 1.0690731148273209e+00
1.8893170530208334e+14 1.1706319221663601e-03 1.3863800126810046e+00
1.8945217831944444e+14 9.8914101644977581e-04 1.6463575191200142e+00
1.8997265133680556e+14 8.6456240155057104e-04 1.8985121032327019e+00
1.9049312435416666e+14 8.1478537028634504e-04 2.1362942745729225e+00
1.9101359737152778e+14 8.3925813181765158e-04 2.4690586597344719e+00
1.9153407038888888e+14 8.9458158792958314e-04 2.8628337818738849e+00
1.9205454340625000e+14 1.0022251472522885e-03 3.3341898307678495e+00
1.9257501642361109e+14 1.1109885455902573e-03 3.8293959138142211e+00
1.9309548944097222e+14 1.2591373515769468e-03 4.3227401568166188e+00
1.9359660086208747e+14 1.3849559122645111e-03 4.7973131391781845e+00
1.9361596245833331e+14 1.3894039765152398e-03 4.8148545946627737e+00
1.9363532405457916e+14 1.3938653502919656e-03 4.8323361302601935e+00
1.9413643547569444e+14 1.5169686076130413e-03 5.2761176749248646e+00
1.9465690849305556e+14 1.6130513471833850e-03 5.7354471594484204e+00
1.9517738151041666e+14 1.6650146748228428e-03 6.1704713894083731e+00
1.9569785452777778e+14 1.6849207216385368e-03 6.6054603253465434e+00
1.9621832754513888e+14 1.6440353063923215e-03 7.0336129741049991e+00
1.9673880056250000e+14 1.5794029539827126e-03 7.4619983157563894e+00
1.9725927357986109e+14 1.4693871719236179e-03 7.9046207956852825e+00
1.9777974659722222e+14 1.3523441524722723e-03 8.3505289475247295e+00
1.9830021961458331e+14 1.2367123549165743e-03 8.8335220125394631e+00
1.9882069263194444e+14 1.1408421195707363e-03 9.3285594229459807e+00
1.9934116564930553e+14 1.1086455312658656e-03 9.8620435916624167e+00
1.9986163866666666e+14 1.1217490897446512e-03 1.0396351601987176e+01
("port 2","mode 1",1,"port 1",1,"transmission")
(27, 3)
1.8737028625000000e+14 9.1570314327450286e-01 -5.5111942316936191e-01
1.8789075926736112e+14 9.2030551472308930e-01 -1.8437667473742220e-01
1.8841123228472222e+14 9.2229924101868177e-01 1.8155152615849030e-01
1.8893170530208334e+14 9.2721275155983529e-01 5.4893188100913815e-01
1.8945217831944444e+14 9.2841992221858849e-01 9.1594633487336841e-01
1.8997265133680556e+14 9.3338574102048255e-01 1.2835370002127890e+00
1.9049312435416666e+14 9.3417776769767802e-01 1.6517680182765733e+00
1.9101359737152778e+14 9.3881223749027110e-01 2.0194101253879335e+00
1.9153407038888888e+14 9.3958771829810894e-01 2.3887193910502429e+00
1.9205454340625000e+14 9.4355093725271644e-01 2.7565150514734231e+00
1.9257501642361109e+14 9.4460769705931991e-01 3.1265488773187609e+00
1.9309548944097222e+14 9.4771906964905150e-01 3.4948122404296389e+00
1.9359660086208747e+14 9.4906954805117272e-01 3.8513611726606842e+00
1.9361596245833331e+14 9.4910603196107746e-01 3.8650723756549477e+00
1.9363532405457916e+14 9.4914698147927890e-01 3.8787799216383907e+00
1.9413643547569444e+14 9.5150516827519016e-01 4.2341321935420364e+00
1.9465690849305556e+14 9.5302527586417585e-01 4.6042845259578016e+00
1.9517738151041666e+14 9.5497854854516895e-01 4.9743018125864324e+00
1.9569785452777778e+14 9.5632211143183077e-01 5.3441595215737712e+00
1.9621832754513888e+14 9.5820361592470948e-01 5.7150827811295688e+00
1.9673880056250000e+14 9.5906060120227066e-01 6.0847229732147774e+00
1.9725927357986109e+14 9.6115469742967719e-01 6.4562808392408595e+00
1.9777974659722222e+14 9.6135464487709099e-01 6.8259554816033852e+00
1.9830021961458331e+14 9.6375759323008714e-01 7.1977562696908191e+00
1.9882069263194444e+14 9.6334451592648385e-01 7.5677701492818699e+00
1.9934116564930553e+14 9.6592742282124844e-01 7.9394519779602231e+00
1.9986163866666666e+14 9.6514016187832807e-01 8.3100103903417875e+00
("port 3","mode 1",1,"port 2",1,"transmission")
(27, 3)
1.8737028625000000e+14 3.8737782036410057e-01 2.5018569466438136e+00
1.8789075926736112e+14 3.8152338167451577e-01 2.9299243813553155e+00
1.8841123228472222e+14 3.7455430104354109e-01 3.3632513063221348e+00
1.8893170530208334e+14 3.6809803875852271e-01 3.7923943243318932e+00
1.8945217831944444e+14 3.6179075995085064e-01 4.2257434231048094e+00
1.8997265133680556e+14 3.5501174496223942e-01 4.6570578061292203e+00
1.9049312435416666e+14 3.4900278781851879e-01 5.0894762429289608e+00
1.9101359737152778e+14 3.4238486748760527e-01 5.5233059564236289e+00
1.9153407038888888e+14 3.3622615605858330e-01 5.9548215976530789e+00
1.9205454340625000e+14 3.3017534627343093e-01 6.3904868841594391e+00
1.9257501642361109e+14 3.2362185462140253e-01 6.8220472661949811e+00
1.9309548944097222e+14 3.1825398800550797e-01 7.2582463572493978e+00
1.9359660086208747e+14 3.1158279804556033e-01 7.6751338420615003e+00
1.9361596245833331e+14 3.1137834713110718e-01 7.6911273747855464e+00
1.9363532405457916e+14 3.1117963630287648e-01 7.7071276300618630e+00
1.9413643547569444e+14 3.0648831124524822e-01 8.1265467303037475e+00
1.9465690849305556e+14 2.9967001174140417e-01 8.5616305268546533e+00
1.9517738151041666e+14 2.9483891437119142e-01 8.9958136902715840e+00
1.9569785452777778e+14 2.8850461155468166e-01 9.4328745788785771e+00
1.9621832754513888e+14 2.8339569635057554e-01 9.8664185110174731e+00
1.9673880056250000e+14 2.7778450768014706e-01 1.0304273105452920e+01
1.9725927357986109e+14 2.7232686704126013e-01 1.0738499806370029e+01
1.9777974659722222e+14 2.6735211949415172e-01 1.1175632899576724e+01
1.9830021961458331e+14 2.6177908551072587e-01 1.1611753405183968e+01
1.9882069263194444e+14 2.5709516415452560e-01 1.2047205851491247e+01
1.9934116564930553e+14 2.5179808133230519e-01 1.2485536672754945e+01
1.9986163866666666e+14 2.4701545830613891e-01 1.2919499184117154e+01
("port 3","mode 1",1,"port 3",1,"transmission")
(27, 3)
1.8737028625000000e+14 6.8495681271196450e-03 -2.5226108227364641e+00
1.8789075926736112e+14 5.9526365941518430e-03 -2.2937993655664441e+00
1.8841123228472222e+14 4.0863153965791117e-03 -1.8533184619827499e+00
1.8893170530208334e+14 2.4869980219412724e-03 -1.6548292817639676e+00
1.8945217831944444e+14 1.2149483336181032e-03 -8.4205789111090323e-01
1.8997265133680556e+14 1.8010835361446679e-04 1.7123395852009646e+00
1.9049312435416666e+14 6.1790571183598000e-04 1.5053824263369620e+00
1.9101359737152778e+14 9.2178784286744454e-04 2.4630950187682306e+00
1.9153407038888888e+14 6.2866476589782880e-04 1.8477248263227481e+00
1.9205454340625000e+14 9.1531122843997086e-04 2.3882770255898871e+00
1.9257501642361109e+14 8.1412060546100804e-04 2.0433864536394091e+00
1.9309548944097222e+14 1.2110733604479100e-03 2.9224087069438531e+00
1.9359660086208747e+14 8.7497061030940228e-04 3.6880866583748406e+00
1.9361596245833331e+14 8.7732537407441444e-04 3.6982596823137426e+00
1.9363532405457916e+14 8.8241841834689526e-04 3.7080182748919479e+00
1.9413643547569444e+14 1.7421555934411645e-03 4.3460525392151395e+00
1.9465690849305556e+14 2.4876905771581757e-03 5.1935006672413389e+00
1.9517738151041666e+14 3.3285055815198963e-03 5.5171338861683603e+00
1.9569785452777778e+14 4.5418601603300331e-03 6.0219795305484398e+00
1.9621832754513888e+14 4.8168626854089248e-03 6.3492364248319753e+00
1.9673880056250000e+14 5.6239149959342984e-03 6.7209857379824989e+00
1.9725927357986109e+14 5.1495061946482436e-03 7.0933054297177316e+00
1.9777974659722222e+14 5.1280288455310390e-03 7.4246534028321065e+00
1.9830021961458331e+14 4.1046760036425886e-03 7.9300262411316123e+00
1.9882069263194444e+14 3.3067646027766253e-03 8.3637838042985386e+00
1.9934116564930553e+14 2.8826889867085304e-03 9.2835453395969161e+00
1.9986163866666666e+14 2.8765359290881245e-03 1.0142672553109438e+01
("port 3","mode 1",1,"port 4",1,"transmission")
(27, 3)
1.8737028625000000e+14 8.9458461260873368e-01 -7.2818999932499762e-01
1.8789075926736112e+14 9.0039289664414224e-01 -2.3326430979265847e-01
1.8841123228472222e+14 9.0405164607727828e-01 2.6134580343566993e-01
1.8893170530208334e+14 9.1003789386914635e-01 7.5736884583518693e-01
1.8945217831944444e+14 9.1250588857967929e-01 1.2532966689755667e+00
1.8997265133680556e+14 9.1838168127656161e-01 1.7497135863339301e+00
1.9049312435416666e+14 9.2025973382741899e-01 2.2472539933662818e+00
1.9101359737152778e+14 9.2544555394702510e-01 2.7439171264800679e+00
1.9153407038888888e+14 9.2737174642286468e-01 3.2427520015985194e+00
1.9205454340625000e+14 9.3148450685001760e-01 3.7400637197762592e+00
1.9257501642361109e+14 9.3368593833666635e-01 4.2394852696199496e+00
1.9309548944097222e+14 9.3685807883376704e-01 4.7379955864612748e+00
1.9359660086208747e+14 9.3894089309685069e-01 5.2188607631067985e+00
1.9361596245833331e+14 9.3903497266421121e-01 5.2374119328670341e+00
1.9363532405457916e+14 9.3913270558895812e-01 5.2559640097764646e+00
1.9413643547569444e+14 9.4182266204669463e-01 5.7373289130607343e+00
1.9465690849305556e+14 9.4343507280844729e-01 6.2366555850161474e+00
1.9517738151041666e+14 9.4639588840224298e-01 6.7376333031188693e+00
1.9569785452777778e+14 9.4713250065086430e-01 7.2372741271484333e+00
1.9621832754513888e+14 9.5041233563961558e-01 7.7386498738811662e+00
1.9673880056250000e+14 9.5045172349693863e-01 8.2390956112268139e+00
1.9725927357986109e+14 9.5371670612457460e-01 8.7403595912323269e+00
1.9777974659722222e+14 9.5359595039965550e-01 9.2417564982951959e+00
1.9830021961458331e+14 9.5632262290019343e-01 9.7428928284728435e+00
1.9882069263194444e+14 9.5651867056609852e-01 1.0244883939437168e+01
1.9934116564930553e+14 9.5843658547171295e-01 1.0746306695564730e+01
1.9986163866666666e+14 9.5901650793641768e-01 1.1248287398602464e+01
("port 3","mode 1",1,"port 1",1,"transmission")
(27, 3)
1.8737028625000000e+14 1.7654318912798698e-03 -2.8100474565003184e+00
1.8789075926736112e+14 1.6283816289660476e-03 -2.4737879845932347e+00
1.8841123228472222e+14 1.4365110882416825e-03 -2.1537386487089276e+00
1.8893170530208334e+14 1.2043576057919002e-03 -1.8460485784284073e+00
1.8945217831944444e+14 1.0055254270749758e-03 -1.5951450678037398e+00
1.8997265133680556e+14 8.6827677234846824e-04 -1.3485034767117363e+00
1.9049312435416666e+14 8.0799668206492023e-04 -1.1096326321612338e+00
1.9101359737152778e+14 8.1773439958547460e-04 -7.6596050269729865e-01
1.9153407038888888e+14 8.5571276833985627e-04 -3.5585347422626207e-01
1.9205454340625000e+14 9.4706252535331525e-04 1.3837377578360086e-01
1.9257501642361109e+14 1.0435043425136249e-03 6.5694283304749856e-01
1.9309548944097222e+14 1.1853409667061446e-03 1.1689584162521938e+00
1.9359660086208747e+14 1.3105398459940030e-03 1.6583170207356457e+00
1.9361596245833331e+14 1.3149961295850499e-03 1.6763233309542733e+00
1.9363532405457916e+14 1.3194666187178864e-03 1.6942599169533612e+00
1.9413643547569444e+14 1.4441390984430702e-03 2.1470621688375182e+00
1.9465690849305556e+14 1.5458193435122602e-03 2.6142273652268200e+00
1.9517738151041666e+14 1.6028799922237749e-03 3.0553469133422206e+00
1.9569785452777778e+14 1.6312444752276398e-03 3.4956231860123141e+00
1.9621832754513888e+14 1.5994962371615336e-03 3.9302145351007107e+00
1.9673880056250000e+14 1.5467736211150535e-03 4.3642392859596235e+00
1.9725927357986109e+14 1.4519176399913913e-03 4.8142712277847659e+00
1.9777974659722222e+14 1.3517969001434786e-03 5.2654958277400423e+00
1.9830021961458331e+14 1.2580811746085265e-03 5.7512825786144637e+00
1.9882069263194444e+14 1.1830278497240330e-03 6.2422971570652059e+00
1.9934116564930553e+14 1.1715280867924394e-03 6.7602475465733765e+00
1.9986163866666666e+14 1.1972559510442632e-03 7.2722767366566448e+00
("port 4","mode 1",1,"port 2",1,"transmission")
(27, 3)
1.8737028625000000e+14 1.7592675666271102e-03 3.2113292358239276e-01
1.8789075926736112e+14 1.6256596960720798e-03 6.5547432433197816e-01
1.8841123228472222e+14 1.4369038599312042e-03 9.7153955645343870e-01
1.8893170530208334e+14 1.2080670869950333e-03 1.2759706829565238e+00
1.8945217831944444e+14 1.0124901530395611e-03 1.5222808547285929e+00
1.8997265133680556e+14 8.7928179129585966e-04 1.7674376525898088e+00
1.9049312435416666e+14 8.2104684505293168e-04 2.0067485850201070e+00
1.9101359737152778e+14 8.3181922593631049e-04 2.3530433230467391e+00
1.9153407038888888e+14 8.6784448920378837e-04 2.7655654983541069e+00
1.9205454340625000e+14 9.5750823962121570e-04 3.2620353838558636e+00
1.9257501642361109e+14 1.0513993013043243e-03 3.7836307526240684e+00
1.9309548944097222e+14 1.1917500729982451e-03 4.2977809168825472e+00
1.9359660086208747e+14 1.3165748010907608e-03 4.7895350437320268e+00
1.9361596245833331e+14 1.3209967973869493e-03 4.8076306266453237e+00
1.9363532405457916e+14 1.3254310041735729e-03 4.8256543206531664e+00
1.9413643547569444e+14 1.4493117821012479e-03 5.2796598132123345e+00
1.9465690849305556e+14 1.5519656929494463e-03 5.7477376716830504e+00
1.9517738151041666e+14 1.6082225857679319e-03 6.1895643302385226e+00
1.9569785452777778e+14 1.6372469725006616e-03 6.6296049366452374e+00
1.9621832754513888e+14 1.6044048429106647e-03 7.0646710881975769e+00
1.9673880056250000e+14 1.5509829511754134e-03 7.4979457493083084e+00
1.9725927357986109e+14 1.4547545528171819e-03 7.9484213589714807e+00
1.9777974659722222e+14 1.3526338949035540e-03 8.3991887527005424e+00
1.9830021961458331e+14 1.2577079861021225e-03 8.8859172775831947e+00
1.9882069263194444e+14 1.1805637172237423e-03 9.3781850658828052e+00
1.9934116564930553e+14 1.1688202823506692e-03 9.8980288805405205e+00
1.9986163866666666e+14 1.1944799784986344e-03 1.0412801547481616e+01
("port 4","mode 1",1,"port 3",1,"transmission")
(27, 3)
1.8737028625000000e+14 8.9458461395209710e-01 -7.2818959284531593e-01
1.8789075926736112e+14 9.0039321312589948e-01 -2.3326451541039214e-01
1.8841123228472222e+14 9.0405137514469547e-01 2.6134640474434678e-01
1.8893170530208334e+14 9.1003795362659123e-01 7.5736877640548073e-01
1.8945217831944444e+14 9.1250521040444010e-01 1.2532971916063704e+00
1.8997265133680556e+14 9.1838164300450154e-01 1.7497131488723383e+00
1.9049312435416666e+14 9.2025922364123036e-01 2.2472544881083985e+00
1.9101359737152778e+14 9.2544530427212912e-01 2.7439168135083714e+00
1.9153407038888888e+14 9.2737112377511866e-01 3.2427521047609917e+00
1.9205454340625000e+14 9.3148453015740174e-01 3.7400633105987793e+00
1.9257501642361109e+14 9.3368538319729066e-01 4.2394854317992294e+00
1.9309548944097222e+14 9.3685816494045293e-01 4.7379952393114682e+00
1.9359660086208747e+14 9.3894033882763850e-01 5.2188610279471233e+00
1.9361596245833331e+14 9.3903438471897993e-01 5.2374121596957250e+00
1.9363532405457916e+14 9.3913208836875472e-01 5.2559641948236120e+00
1.9413643547569444e+14 9.4182267070684100e-01 5.7373285839682380e+00
1.9465690849305556e+14 9.4343443850221520e-01 6.2366557207605835e+00
1.9517738151041666e+14 9.4639588142654762e-01 6.7376329714830856e+00
1.9569785452777778e+14 9.4713178463125236e-01 7.2372741429601390e+00
1.9621832754513888e+14 9.5041237923731137e-01 7.7386494103778833e+00
1.9673880056250000e+14 9.5045111420174222e-01 8.2390955271146709e+00
1.9725927357986109e+14 9.5371690155280586e-01 8.7403591428509024e+00
1.9777974659722222e+14 9.5359549677321487e-01 9.2417564806647903e+00
1.9830021961458331e+14 9.5632293048135686e-01 9.7428926059060537e+00
1.9882069263194444e+14 9.5651823933027591e-01 1.0244884131551441e+01
1.9934116564930553e+14 9.5843684039326238e-01 1.0746306770211042e+01
1.9986163866666666e+14 9.5901592192130536e-01 1.1248287754502108e+01
("port 4","mode 1",1,"port 4",1,"transmission")
(27, 3)
1.8737028625000000e+14 6.8684795435902529e-03 -2.5301719943690402e+00
1.8789075926736112e+14 5.9853481004275974e-03 -2.3014535188248866e+00
1.8841123228472222e+14 4.1219589645524616e-03 -1.8643811478099623e+00
1.8893170530208334e+14 2.5355472848164981e-03 -1.6680841093136984e+00
1.8945217831944444e+14 1.2508763258343115e-03 -8.8043129316445123e-01
1.8997265133680556e+14 1.2039613549725598e-04 1.6406054048077163e+00
1.9049312435416666e+14 5.7934087961370687e-04 1.4281150877724285e+00
1.9101359737152778e+14 8.6510843373040984e-04 2.4380941797826465e+00
1.9153407038888888e+14 6.2568351491079990e-04 1.7516123587222105e+00
1.9205454340625000e+14 9.0780161801268797e-04 2.3227534936207470e+00
1.9257501642361109e+14 8.5296374674477939e-04 1.9894076218309464e+00
1.9309548944097222e+14 1.2287099095655684e-03 2.8768235130848101e+00
1.9359660086208747e+14 8.7656489433596523e-04 3.6221249582729684e+00
1.9361596245833331e+14 8.7940044451655520e-04 3.6325711038302133e+00
1.9363532405457916e+14 8.8499002293689782e-04 3.6428131644940986e+00
1.9413643547569444e+14 1.7343642931009384e-03 4.3142402434569824e+00
1.9465690849305556e+14 2.4610698788131188e-03 5.1741811553288466e+00
1.9517738151041666e+14 3.3111219982695003e-03 5.5021781320350831e+00
1.9569785452777778e+14 4.5238428612666077e-03 6.0115004778363108e+00
1.9621832754513888e+14 4.8079550705334567e-03 6.3392782060977950e+00
1.9673880056250000e+14 5.6206807644698670e-03 6.7128286144387612e+00
1.9725927357986109e+14 5.1522608338802215e-03 7.0847814217546912e+00
1.9777974659722222e+14 5.1373775637609514e-03 7.4169397598980842e+00
1.9830021961458331e+14 4.1132501306284661e-03 7.9209040040028231e+00
1.9882069263194444e+14 3.3174999619283467e-03 8.3536671052131535e+00
1.9934116564930553e+14 2.8789132919590536e-03 9.2723818658055954e+00
1.9986163866666666e+14 2.8637686999089030e-03 1.0133417813787563e+01
("port 4","mode 1",1,"port 1",1,"transmission")
(27, 3)
1.8737028625000000e+14 3.8732467219527644e-01 -6.3960211962265678e-01
1.8789075926736112e+14 3.8147708254092094e-01 -2.1171191314997317e-01
1.8841123228472222e+14 3.7451389737679941e-01 2.2181170385174101e-01
1.8893170530208334e+14 3.6807035366395591e-01 6.5079936424102836e-01
1.8945217831944444e+14 3.6175828414627681e-01 1.0843205471542028e+00
1.8997265133680556e+14 3.5500029544376038e-01 1.5154918503999628e+00
1.9049312435416666e+14 3.4897544611248871e-01 1.9480713911329564e+00
1.9101359737152778e+14 3.4238483317403390e-01 2.3817587528434170e+00
1.9153407038888888e+14 3.3620099631417688e-01 2.8134290024959250e+00
1.9205454340625000e+14 3.3018496556982457e-01 3.2489410184043557e+00
1.9257501642361109e+14 3.2360019284646657e-01 3.6806771112185661e+00
1.9309548944097222e+14 3.1826161318051321e-01 4.1166897550533985e+00
1.9359660086208747e+14 3.1157364391070680e-01 4.5337550423006423e+00
1.9361596245833331e+14 3.1136617946368306e-01 4.5497450305841021e+00
1.9363532405457916e+14 3.1116461716078619e-01 4.5657406205177713e+00
1.9413643547569444e+14 3.0649812730092613e-01 4.9850072661574929e+00
1.9465690849305556e+14 2.9965756466816684e-01 5.4202425503327563e+00
1.9517738151041666e+14 2.9484554640448574e-01 5.8542784497381337e+00
1.9569785452777778e+14 2.8849025050594040e-01 6.2914638805196432e+00
1.9621832754513888e+14 2.8340099809509683e-01 6.7248877187577873e+00
1.9673880056250000e+14 2.7776498459309462e-01 7.1628434505106426e+00
1.9725927357986109e+14 2.7232963676676730e-01 7.5969699233573582e+00
1.9777974659722222e+14 2.6732477616904154e-01 8.0341860729825836e+00
1.9830021961458331e+14 2.6177842217277142e-01 8.4702144544728739e+00
1.9882069263194444e+14 2.5706009245011557e-01 8.9057454324802734e+00
1.9934116564930553e+14 2.5179220440720956e-01 9.3439817296842449e+00
1.9986163866666666e+14 2.4697337136333328e-01 9.7780259802377270e+00
("port 1","mode 1",1,"port 2",1,"transmission")
(27, 3)
1.8737028625000000e+14 9.1580307141113726e-01 -5.5114391325636003e-01
1.8789075926736112e+14 9.2035907522412841e-01 -1.8421692481324750e-01
1.8841123228472222e+14 9.2237783958187014e-01 1.8150375196322174e-01
1.8893170530208334e+14 9.2724117085788849e-01 5.4907071645163652e-01
1.8945217831944444e+14 9.2847924166268103e-01 9.1588232270732095e-01
1.8997265133680556e+14 9.3339504753742775e-01 1.2836549011398082e+00
1.9049312435416666e+14 9.3422197847043309e-01 1.6516940151844184e+00
1.9101359737152778e+14 9.3880874040650730e-01 2.0195052524369048e+00
1.9153407038888888e+14 9.3962886726878259e-01 2.3886471451350242e+00
1.9205454340625000e+14 9.4352759142132947e-01 2.7565978999821881e+00
1.9257501642361109e+14 9.4464994987686335e-01 3.1264669056899135e+00
1.9309548944097222e+14 9.4769906656088321e-01 3.4948967564718187e+00
1.9359660086208747e+14 9.4909034075954990e-01 3.8512947907802415e+00
1.9361596245833331e+14 9.4913464121136715e-01 3.8650091891785405e+00
1.9363532405457916e+14 9.4918296520663692e-01 3.8787208993018645e+00
1.9413643547569444e+14 9.5146876923669454e-01 4.2341963053250078e+00
1.9465690849305556e+14 9.5306841629317751e-01 4.6042231865405459e+00
1.9517738151041666e+14 9.5494229567330202e-01 4.9743669211001755e+00
1.9569785452777778e+14 9.5637700606200193e-01 5.3441092449733620e+00
1.9621832754513888e+14 9.5816883137605879e-01 5.7151511118061791e+00
1.9673880056250000e+14 9.5913212608676679e-01 6.0846815280204183e+00
1.9725927357986109e+14 9.6113239658565919e-01 6.4563569961560612e+00
1.9777974659722222e+14 9.6144630868456260e-01 6.8259297854210184e+00
1.9830021961458331e+14 9.6375138617468692e-01 7.1978440904201282e+00
1.9882069263194444e+14 9.6345791797075775e-01 7.5677614423238779e+00
1.9934116564930553e+14 9.6594444490362719e-01 7.9395504465480240e+00
1.9986163866666666e+14 9.6528283973642370e-01 8.3100217706714155e+00
("port 1","mode 1",1,"port 3",1,"transmission")
(27, 3)
1.8737028625000000e+14 1.6542812029513062e-03 -2.7307065489936524e+00
1.8789075926736112e+14 1.5507236178582612e-03 -2.3857653451386809e+00
1.8841123228472222e+14 1.3869896955324363e-03 -2.0549566390940228e+00
1.8893170530208334e+14 1.1770012980333294e-03 -1.7351070196738962e+00
1.8945217831944444e+14 9.9101496486713510e-04 -1.4714132264258837e+00
1.8997265133680556e+14 8.6156703202930763e-04 -1.2177398916931121e+00
1.9049312435416666e+14 8.0795412970549379e-04 -9.8067471381564919e-01
1.9101359737152778e+14 8.3006734302880152e-04 -6.5121241025910181e-01
1.9153407038888888e+14 8.8539578575365417e-04 -2.6040430625436828e-01
1.9205454340625000e+14 9.9331314872588990e-04 2.0843167511130536e-01
1.9257501642361109e+14 1.1035539895014668e-03 7.0125408808616840e-01
1.9309548944097222e+14 1.2525272744521646e-03 1.1929518316627385e+00
1.9359660086208747e+14 1.3791666915673149e-03 1.6656436864207613e+00
1.9361596245833331e+14 1.3836628547851946e-03 1.6831258096504214e+00
1.9363532405457916e+14 1.3881723353539005e-03 1.7005499325312750e+00
1.9413643547569444e+14 1.5119603782863460e-03 2.1433211412096287e+00
1.9465690849305556e+14 1.6080608960332941e-03 2.6014420146128501e+00
1.9517738151041666e+14 1.6606677414091682e-03 3.0357649916859444e+00
1.9569785452777778e+14 1.6802061741030166e-03 3.4702180529096855e+00
1.9621832754513888e+14 1.6398521182905484e-03 3.8977979639156932e+00
1.9673880056250000e+14 1.5751110537426268e-03 4.3261586981219544e+00
1.9725927357986109e+14 1.4654369321943446e-03 4.7683352711673166e+00
1.9777974659722222e+14 1.3488514840023376e-03 5.2145084509282515e+00
1.9830021961458331e+14 1.2334280014954472e-03 5.6971973456693297e+00
1.9882069263194444e+14 1.1386374512099779e-03 6.1923157629708392e+00
1.9934116564930553e+14 1.1066407392873712e-03 6.7255209719554463e+00
1.9986163866666666e+14 1.1207882357468025e-03 7.2589661995113071e+00
("port 1","mode 1",1,"port 4",1,"transmission")
(27, 3)
1.8737028625000000e+14 3.8807544110955594e-01 -6.3972118957519009e-01
1.8789075926736112e+14 3.8221784307107748e-01 -2.1187858440748555e-01
1.8841123228472222e+14 3.7522091459470835e-01 2.2162743100156759e-01
1.8893170530208334e+14 3.6876101800688715e-01 6.5057240621377543e-01
1.8945217831944444e+14 3.6241310590278769e-01 1.0840779540027987e+00
1.8997265133680556e+14 3.5563418501714372e-01 1.5152032506014070e+00
1.9049312435416666e+14 3.4957576572640903e-01 1.9477672755457163e+00
1.9101359737152778e+14 3.4296200169068336e-01 2.3814145625006340e+00
1.9153407038888888e+14 3.3674862326247984e-01 2.8130688549215588e+00
1.9205454340625000e+14 3.3070870996071328e-01 3.2485685918833704e+00
1.9257501642361109e+14 3.2409005846808181e-01 3.6802757591215873e+00
1.9309548944097222e+14 3.1873827909959751e-01 4.1162861248536586e+00
1.9359660086208747e+14 3.1201507434550890e-01 4.5333569626324017e+00
1.9361596245833331e+14 3.1180656999056844e-01 4.5493454863548406e+00
1.9363532405457916e+14 3.1160403053364955e-01 4.5653395986175775e+00
1.9413643547569444e+14 3.0692102286418826e-01 4.9846047660506798e+00
1.9465690849305556e+14 3.0004764130638317e-01 5.4198375995553727e+00
1.9517738151041666e+14 2.9522299879420427e-01 5.8538813677158590e+00
1.9569785452777778e+14 2.8883625135187779e-01 6.2910804882748943e+00
1.9621832754513888e+14 2.8373430057440441e-01 6.7245141488599156e+00
1.9673880056250000e+14 2.7807065881678733e-01 7.1624923389577226e+00
1.9725927357986109e+14 2.7262335255828452e-01 7.5966317940410146e+00
1.9777974659722222e+14 2.6759645351605055e-01 8.0338812315886461e+00
1.9830021961458331e+14 2.6203863263997929e-01 8.4699342832500086e+00
1.9882069263194444e+14 2.5730353836595737e-01 8.9055065371317834e+00
1.9934116564930553e+14 2.5202563910008530e-01 9.3437871523952261e+00
1.9986163866666666e+14 2.4719343764136736e-01 9.7778769896284992e+00
("port 1","mode 1",1,"port 1",1,"transmission")
(27, 3)
1.8737028625000000e+14 3.8364347528880207e-03 3.0757047665306314e+00
1.8789075926736112e+14 3.9393581177804794e-03 3.0851113410574666e+00
1.8841123228472222e+14 2.9832312025094986e-03 3.0716627429036594e+00
1.8893170530208334e+14 3.2531100682910100e-03 3.0541431516869992e+00
1.8945217831944444e+14 2.5519520193755048e-03 3.0456071321070812e+00
1.8997265133680556e+14 2.9087711002401934e-03 3.1277022545951030e+00
1.9049312435416666e+14 2.1229892904397443e-03 3.2606625493652333e+00
1.9101359737152778e+14 2.2289558112143937e-03 3.4239296356635078e+00
1.9153407038888888e+14 1.2434715395760593e-03 3.7905549269037984e+00
1.9205454340625000e+14 1.1195374574768310e-03 3.9082609835828355e+00
1.9257501642361109e+14 5.3375407702104254e-04 5.1861660793215743e+00
1.9309548944097222e+14 3.0581336193600135e-04 5.3158194367336451e+00
1.9359660086208747e+14 8.4265337019862963e-04 6.4167879328113688e+00
1.9361596245833331e+14 8.4770263100179453e-04 6.4586620224992766e+00
1.9363532405457916e+14 8.5079586837800189e-04 6.4996043153017276e+00
1.9413643547569444e+14 5.2919751151754785e-04 6.6370700189802490e+00
1.9465690849305556e+14 1.1389873826993270e-03 6.6346479893840353e+00
1.9517738151041666e+14 8.5487615838514448e-04 6.6360598967338600e+00
1.9569785452777778e+14 1.5044517936364766e-03 6.6586768227632183e+00
1.9621832754513888e+14 1.1872988527838859e-03 6.7248515810674236e+00
1.9673880056250000e+14 1.6539985000874221e-03 6.7703220765509107e+00
1.9725927357986109e+14 1.0948918974079389e-03 6.7829243391682077e+00
1.9777974659722222e+14 1.3808090365192295e-03 6.6476469708027732e+00
1.9830021961458331e+14 1.0020766438171638e-03 6.1923465704439460e+00
1.9882069263194444e+14 1.6941647607641359e-03 6.1457014380092865e+00
1.9934116564930553e+14 1.9134518346276713e-03 5.9092737158412847e+00
1.9986163866666666e+14 2.6863225251972638e-03 6.1032147159447874e+00
