["port 1","LEFT"]
["port 2","RIGHT"]
["port 3","BOTTOM"]
["port 4","BOTTOM"]
("port 1","mode 1",1,"port 1",1,"transmission")
(25, 3)
1.8737028625000000e+14 3.4822603441113484e-03 3.1374221303513061e+00
1.8789075926736112e+14 3.5645143297196153e-03 3.1020433677972012e+00
1.8841123228472222e+14 2.6618743674168424e-03 3.0461452272949510e+00
1.8893170530208334e+14 3.0153546685503614e-03 3.0072890813766917e+00
1.8945217831944444e+14 2.3886288306042120e-03 2.9759268483484802e+00
1.8997265133680556e+14 2.7751864229864608e-03 3.0678762649633078e+00
1.9049312435416666e+14 1.9995846885862093e-03 3.1746224263068150e+00
1.9101359737152778e+14 2.1083759727911909e-03 3.3293690576897013e+00
1.9153407038888888e+14 1.1102445765639565e-03 3.5967123867235906e+00
1.9205454340625000e+14 1.0385563482217175e-03 3.6454279407940633e+00
1.9257501642361109e+14 2.3156130171443707e-04 4.7738963354076205e+00
1.9309548944097222e+14 1.9714470478896887e-04 3.7887343624799690e+00
1.9361596245833331e+14 4.8846722363015337e-04 6.5846944392831261e+00
1.9413643547569444e+14 1.4693301052839784e-04 6.4927060679264645e+00
1.9465690849305556e+14 8.1386032702735899e-04 6.4238237797997479e+00
1.9517738151041666e+14 6.6561186612553098e-04 6.1980586893527194e+00
1.9569785452777778e+14 1.4163689718616976e-03 6.4154274229102741e+00
1.9621832754513888e+14 1.2133153655555509e-03 6.4358789692538814e+00
1.9673880056250000e+14 1.7629175514510306e-03 6.5857057503103347e+00
1.9725927357986109e+14 1.2967337223927251e-03 6.5740120204718426e+00
1.9777974659722222e+14 1.6631458297729535e-03 6.5520260531621375e+00
1.9830021961458331e+14 1.3132605146942335e-03 6.2611031788362181e+00
1.9882069263194444e+14 1.9617782155736886e-03 6.2526063351651748e+00
1.9934116564930553e+14 2.0367987357207949e-03 6.0736064162803363e+00
1.9986163866666666e+14 2.7473493497299660e-03 6.2341409516095281e+00
("port 1","mode 1",1,"port 2",1,"transmission")
(25, 3)
1.8737028625000000e+14 9.5669682340043483e-01 -5.2761164843361397e-01
1.8789075926736112e+14 9.6010554597151310e-01 -1.5915391521199515e-01
1.8841123228472222e+14 9.6072165892745742e-01 2.0794262543614098e-01
1.8893170530208334e+14 9.6453420533178524e-01 5.7688375921355051e-01
1.8945217831944444e+14 9.6441365065716655e-01 9.4506060547636928e-01
1.8997265133680556e+14 9.6831784829365442e-01 1.3140631938503013e+00
1.9049312435416666e+14 9.6788773370447057e-01 1.6834487664207638e+00
1.9101359737152778e+14 9.7145082863984522e-01 2.0523826268953878e+00
1.9153407038888888e+14 9.7115793736901512e-01 2.4228170234037307e+00
1.9205454340625000e+14 9.7399860631135371e-01 2.7918467559597095e+00
1.9257501642361109e+14 9.7414002648316933e-01 3.1629022275703438e+00
1.9309548944097222e+14 9.7613808358942666e-01 3.5324046610836515e+00
1.9361596245833331e+14 9.7668653769605762e-01 3.9036026171243052e+00
1.9413643547569444e+14 9.7799442875402798e-01 4.2738631454744826e+00
1.9465690849305556e+14 9.7877051260815018e-01 4.6448535570735192e+00
1.9517738151041666e+14 9.7970503218381166e-01 5.0160831844210509e+00
1.9569785452777778e+14 9.8031954043021108e-01 5.3866998926785872e+00
1.9621832754513888e+14 9.8129228392569157e-01 5.7588022734184650e+00
1.9673880056250000e+14 9.8141483328931456e-01 6.1291606429941830e+00
1.9725927357986109e+14 9.8272294149647743e-01 6.5018256704824537e+00
1.9777974659722222e+14 9.8218701664444030e-01 6.8722273855501923e+00
1.9830021961458331e+14 9.8389546285633234e-01 7.2450269292009306e+00
1.9882069263194444e+14 9.8278241738355399e-01 7.6158006284838233e+00
1.9934116564930553e+14 9.8471451357534656e-01 7.9883651537095908e+00
1.9986163866666666e+14 9.8330987999835551e-01 8.3597134122109580e+00
("port 1","mode 1",1,"port 4",1,"transmission")
(25, 3)
1.8737028625000000e+14 2.7562187516406489e-01 -6.2297864713072137e-01
1.8789075926736112e+14 2.7049095751413954e-01 -1.9524794716186236e-01
1.8841123228472222e+14 2.6458093583830233e-01 2.3880430473057279e-01
1.8893170530208334e+14 2.5903500424762160e-01 6.6766057861927397e-01
1.8945217831944444e+14 2.5372854127435873e-01 1.1016036429525151e+00
1.8997265133680556e+14 2.4799950712576585e-01 1.5328673065089273e+00
1.9049312435416666e+14 2.4299622056848313e-01 1.9656111873872659e+00
1.9101359737152778e+14 2.3747570006632621e-01 2.3997072497699201e+00
1.9153407038888888e+14 2.3240728487570061e-01 2.8312916204878928e+00
1.9205454340625000e+14 2.2742005922887631e-01 3.2674566049733915e+00
1.9257501642361109e+14 2.2207708086120445e-01 3.6990201585082310e+00
1.9309548944097222e+14 2.1770635455704454e-01 4.1356749330989766e+00
1.9361596245833331e+14 2.1216115948915776e-01 4.5687727812924628e+00
1.9413643547569444e+14 2.0821758487635691e-01 5.0044165056610002e+00
1.9465690849305556e+14 2.0277050777868372e-01 5.4400527282363198e+00
1.9517738151041666e+14 1.9891743921665075e-01 5.8741334739055944e+00
1.9569785452777778e+14 1.9391227908021388e-01 6.3120767612847537e+00
1.9621832754513888e+14 1.8987133791970601e-01 6.7453323066093498e+00
1.9673880056250000e+14 1.8549254180214086e-01 7.1841562647751527e+00
1.9725927357986109e+14 1.8120619225861720e-01 7.6181938749053053e+00
1.9777974659722222e+14 1.7737409374403251e-01 8.0560545341105652e+00
1.9830021961458331e+14 1.7303191761588754e-01 8.4923604649234150e+00
1.9882069263194444e+14 1.6945756516503510e-01 8.9280830051228506e+00
1.9934116564930553e+14 1.6537501788768946e-01 9.3670520088556177e+00
1.9986163866666666e+14 1.6173782855184210e-01 9.8008843777775727e+00
("port 1","mode 1",1,"port 3",1,"transmission")
(25, 3)
1.8737028625000000e+14 5.7031890722021128e-04 -1.6015968278625943e+00
1.8789075926736112e+14 3.3041658809781122e-04 -1.1663543977862492e+00
1.8841123228472222e+14 6.4521622686226245e-05 -1.5085138895804281e-01
1.8893170530208334e+14 2.4980025418820190e-04 2.3296374867352947e+00
1.8945217831944444e+14 5.2281749052543664e-04 2.8963020951752028e+00
1.8997265133680556e+14 7.3190247765300188e-04 3.3642245198984244e+00
1.9049312435416666e+14 8.9290475460965452e-04 3.8468648207522738e+00
1.9101359737152778e+14 9.5946413377652950e-04 4.3513565194555319e+00
1.9153407038888888e+14 9.7371612873015470e-04 4.8684787459189600e+00
1.9205454340625000e+14 9.3516640006761518e-04 5.4400432469778162e+00
1.9257501642361109e+14 8.7322350490245026e-04 6.0278434500660669e+00
1.9309548944097222e+14 8.3679250003140934e-04 6.6619696447559162e+00
1.9361596245833331e+14 8.0666850536624340e-04 7.2908717095738345e+00
1.9413643547569444e+14 8.2244262470872198e-04 7.8771420566338621e+00
1.9465690849305556e+14 8.3309207812750589e-04 8.4240370349496594e+00
1.9517738151041666e+14 8.4258910651550869e-04 8.8855695740241014e+00
1.9569785452777778e+14 8.3894637182401106e-04 9.3128029277294431e+00
1.9621832754513888e+14 8.0804714960128221e-04 9.6711013288458219e+00
1.9673880056250000e+14 7.7935134035646725e-04 1.0000890829805090e+01
1.9725927357986109e+14 7.2744074608102041e-04 1.0292990209714686e+01
1.9777974659722222e+14 6.9187299204946000e-04 1.0570749422567294e+01
1.9830021961458331e+14 6.3533797439633546e-04 1.0863346776123139e+01
1.9882069263194444e+14 5.8291986883444167e-04 1.1173910114291068e+01
1.9934116564930553e+14 4.9703100949337494e-04 1.1573777323403835e+01
1.9986163866666666e+14 3.9437217912114385e-04 1.2061166937790798e+01
("port 2","mode 1",1,"port 1",1,"transmission")
(25, 3)
1.8737028625000000e+14 9.5658790335592370e-01 -5.2758576252326994e-01
1.8789075926736112e+14 9.6004695848630328e-01 -1.5931696883297189e-01
1.8841123228472222e+14 9.6063638793927053e-01 2.0799132750139890e-01
1.8893170530208334e+14 9.6450308826485998e-01 5.7674176902251917e-01
1.8945217831944444e+14 9.6434982698594107e-01 9.4512621361046667e-01
1.8997265133680556e+14 9.6830698969667528e-01 1.3139427180572611e+00
1.9049312435416666e+14 9.6784044032528260e-01 1.6835242916824820e+00
1.9101359737152778e+14 9.7145512458478089e-01 2.0522852833653054e+00
1.9153407038888888e+14 9.7111396848341769e-01 2.4228946789680901e+00
1.9205454340625000e+14 9.7401875568682994e-01 2.7917588560554978e+00
1.9257501642361109e+14 9.7410305952582121e-01 3.1629866132255109e+00
1.9309548944097222e+14 9.7615291490277001e-01 3.5323267873959372e+00
1.9361596245833331e+14 9.7665387660009817e-01 3.9036614878943774e+00
1.9413643547569444e+14 9.7803331024597995e-01 4.2738005280011055e+00
1.9465690849305556e+14 9.7872431228733292e-01 4.6449143549443299e+00
1.9517738151041666e+14 9.7974388077238783e-01 5.0160208845028746e+00
1.9569785452777778e+14 9.8025829345267679e-01 5.3867510595235517e+00
1.9621832754513888e+14 9.8132901006162854e-01 5.7587334284056677e+00
1.9673880056250000e+14 9.8133774736358514e-01 6.1292029497411322e+00
1.9725927357986109e+14 9.8274774887141403e-01 6.5017476814298965e+00
1.9777974659722222e+14 9.8209144188772779e-01 6.8722557956395880e+00
1.9830021961458331e+14 9.8390278495716676e-01 7.2449383445291717e+00
1.9882069263194444e+14 9.8266464330696512e-01 7.6158131016894171e+00
1.9934116564930553e+14 9.8469585819127747e-01 7.9882652737270003e+00
1.9986163866666666e+14 9.8316404310775951e-01 8.3597041135872843e+00
("port 2","mode 1",1,"port 2",1,"transmission")
(25, 3)
1.8737028625000000e+14 3.5415961595583246e-03 -3.1023187591968981e+00
1.8789075926736112e+14 3.6939947883531301e-03 -3.2323412720803502e+00
1.8841123228472222e+14 2.6735712069434546e-03 -3.1793207503243233e+00
1.8893170530208334e+14 3.1457837887866550e-03 -3.3273642881204752e+00
1.8945217831944444e+14 2.3584605284436232e-03 -3.2446023837885476e+00
1.8997265133680556e+14 2.8830696329299899e-03 -3.2692136360026196e+00
1.9049312435416666e+14 1.9722302736484769e-03 -3.0329302518922168e+00
1.9101359737152778e+14 2.1682025450917445e-03 -3.0303797344227781e+00
1.9153407038888888e+14 1.1343545276378691e-03 -2.5535219650676821e+00
1.9205454340625000e+14 1.0538439746795158e-03 -2.7859384724374188e+00
1.9257501642361109e+14 3.6680372597951318e-04 -1.3271614885026628e+00
1.9309548944097222e+14 2.5461122982578250e-04 -3.1611049479137070e+00
1.9361596245833331e+14 5.5684769508946403e-04 -6.2673962152653999e+00
1.9413643547569444e+14 1.6284909287043222e-04 -5.0581930402301900e+00
1.9465690849305556e+14 8.9475768289491199e-04 -6.2885162626313971e+00
1.9517738151041666e+14 5.6168952816769457e-04 -6.1829879118966744e+00
1.9569785452777778e+14 1.4910068869705248e-03 -6.2336942495875425e+00
1.9621832754513888e+14 1.1181407961403046e-03 -6.0250387906645644e+00
1.9673880056250000e+14 1.8131871308801110e-03 -6.0484141173410935e+00
1.9725927357986109e+14 1.1978985055734709e-03 -5.8850266326090326e+00
1.9777974659722222e+14 1.7082423180236588e-03 -6.0788193909568049e+00
1.9830021961458331e+14 1.1529486651025466e-03 -6.2357552272435246e+00
1.9882069263194444e+14 2.0205504715418185e-03 -6.3558620682665703e+00
1.9934116564930553e+14 1.8381496834688983e-03 -6.4732350336231477e+00
1.9986163866666666e+14 2.7856351646242529e-03 -6.3589452557493660e+00
("port 2","mode 1",1,"port 4",1,"transmission")
(25, 3)
1.8737028625000000e+14 5.5329532605012460e-04 1.5543749146178008e+00
1.8789075926736112e+14 3.1522132043322213e-04 2.0012087760113211e+00
1.8841123228472222e+14 5.8604847231684680e-05 3.2379360678969964e+00
1.8893170530208334e+14 2.6442858198696609e-04 5.4693230416015819e+00
1.8945217831944444e+14 5.3647480673678371e-04 6.0328199283214792e+00
1.8997265133680556e+14 7.4384077675824806e-04 6.5014112977245464e+00
1.9049312435416666e+14 9.0383999168011056e-04 6.9835883987116851e+00
1.9101359737152778e+14 9.6886439137736644e-04 7.4879622324696689e+00
1.9153407038888888e+14 9.8153729515112922e-04 8.0038809133888442e+00
1.9205454340625000e+14 9.4142770824280435e-04 8.5745659629736117e+00
1.9257501642361109e+14 8.7701045945522084e-04 9.1609887913498191e+00
1.9309548944097222e+14 8.3865114316782768e-04 9.7942474416065490e+00
1.9361596245833331e+14 8.0601308006266381e-04 1.0423636352767380e+01
1.9413643547569444e+14 8.2011352028740661e-04 1.1010426452051279e+01
1.9465690849305556e+14 8.2968996030543813e-04 1.1559016616813961e+01
1.9517738151041666e+14 8.3817240336034554e-04 1.2021111877270515e+01
1.9569785452777778e+14 8.3450207895699317e-04 1.2449091971798552e+01
1.9621832754513888e+14 8.0299089705334161e-04 1.2807420811588402e+01
1.9673880056250000e+14 7.7463304096288526e-04 1.3136693587424384e+01
1.9725927357986109e+14 7.2248946403574818e-04 1.3428265806763878e+01
1.9777974659722222e+14 6.8741354909759487e-04 1.3704494804004900e+01
1.9830021961458331e+14 6.3091222781402943e-04 1.3996247006723976e+01
1.9882069263194444e+14 5.7874645422341939e-04 1.4304450071758222e+01
1.9934116564930553e+14 4.9265533711529026e-04 1.4702926148423353e+01
1.9986163866666666e+14 3.8897146352462965e-04 1.5186794474845845e+01
("port 2","mode 1",1,"port 3",1,"transmission")
(25, 3)
1.8737028625000000e+14 2.7562302927629306e-01 2.5185386851640552e+00
1.8789075926736112e+14 2.7049210010269981e-01 2.9462675540614973e+00
1.8841123228472222e+14 2.6458179465045084e-01 3.3803196592835842e+00
1.8893170530208334e+14 2.5903578594827548e-01 3.8091741757601540e+00
1.8945217831944444e+14 2.5372908546508921e-01 4.2431167582793705e+00
1.8997265133680556e+14 2.4800011703693392e-01 4.6743789285985189e+00
1.9049312435416666e+14 2.4299659573399235e-01 5.1071227918714612e+00
1.9101359737152778e+14 2.3747609278575738e-01 5.5412173708001715e+00
1.9153407038888888e+14 2.3240752258393022e-01 5.9728013958222039e+00
1.9205454340625000e+14 2.2742043718821703e-01 6.4089651671919468e+00
1.9257501642361109e+14 2.2207732598614288e-01 6.8405285373500275e+00
1.9309548944097222e+14 2.1770681558507393e-01 7.2771822338423320e+00
1.9361596245833331e+14 2.1216148734532386e-01 7.7102804100355042e+00
1.9413643547569444e+14 2.0821798797309005e-01 8.1459229120388201e+00
1.9465690849305556e+14 2.0277083593190451e-01 8.5815585845937559e+00
1.9517738151041666e+14 1.9891796474872195e-01 9.0156381973094764e+00
1.9569785452777778e+14 1.9391272990323002e-01 9.4535808899912013e+00
1.9621832754513888e+14 1.8987202344842807e-01 9.8868352117611025e+00
1.9673880056250000e+14 1.8549315833487801e-01 1.0325658622044134e+01
1.9725927357986109e+14 1.8120699678037475e-01 1.0759694954650966e+01
1.9777974659722222e+14 1.7737480415871842e-01 1.1197554631682230e+01
1.9830021961458331e+14 1.7303283663342928e-01 1.1633859017830783e+01
1.9882069263194444e+14 1.6945838242373804e-01 1.2069580412217453e+01
1.9934116564930553e+14 1.6537603457691147e-01 1.2508547551961490e+01
1.9986163866666666e+14 1.6173877038524528e-01 1.2942378608006821e+01
("port 4","mode 1",1,"port 1",1,"transmission")
(25, 3)
1.8737028625000000e+14 2.7500680977801201e-01 -6.2284277581288894e-01
1.8789075926736112e+14 2.6988830170142802e-01 -1.9505750130375421e-01
1.8841123228472222e+14 2.6400930012572882e-01 2.3901554245751863e-01
1.8893170530208334e+14 2.5848013667176778e-01 6.6793312304618468e-01
1.8945217831944444e+14 2.5320339410006898e-01 1.1019002472400112e+00
1.8997265133680556e+14 2.4749335600309930e-01 1.5332261082128713e+00
1.9049312435416666e+14 2.4251704113846873e-01 1.9659939718737671e+00
1.9101359737152778e+14 2.3701608739477967e-01 2.4001381105864996e+00
1.9153407038888888e+14 2.3197295674383828e-01 2.8317440344437390e+00
1.9205454340625000e+14 2.2700424965402952e-01 3.2679247308230472e+00
1.9257501642361109e+14 2.2169177082883226e-01 3.6995095253062322e+00
1.9309548944097222e+14 2.1733399338365994e-01 4.1361823333462375e+00
1.9361596245833331e+14 2.1181731666126330e-01 4.5692687180183658e+00
1.9413643547569444e+14 2.0789011786853101e-01 5.0049179311220451e+00
1.9465690849305556e+14 2.0246958782623603e-01 5.4405543175256454e+00
1.9517738151041666e+14 1.9862815198845502e-01 5.8746277903663628e+00
1.9569785452777778e+14 1.9364773756347642e-01 6.3125523538451418e+00
1.9621832754513888e+14 1.8961769759517302e-01 6.7457926107192403e+00
1.9673880056250000e+14 1.8526123585301665e-01 7.1845823432656983e+00
1.9725927357986109e+14 1.8098585126332267e-01 7.6185998523650085e+00
1.9777974659722222e+14 1.7717230723856589e-01 8.0564125810643468e+00
1.9830021961458331e+14 1.7284155758621436e-01 8.4926860576253738e+00
1.9882069263194444e+14 1.6928217137996535e-01 8.9283567320747252e+00
1.9934116564930553e+14 1.6520949150957689e-01 9.3672770084863242e+00
1.9986163866666666e+14 1.6158344210034645e-01 9.8010583186628661e+00
("port 4","mode 1",1,"port 2",1,"transmission")
(25, 3)
1.8737028625000000e+14 5.6376369865899167e-04 1.2408624748460821e+00
1.8789075926736112e+14 2.9614423121331550e-04 1.4784653826589942e+00
1.8841123228472222e+14 8.8691700808478274e-05 2.8124228477201152e-01
1.8893170530208334e+14 3.3621759485361654e-04 -4.3501554305969786e-01
1.8945217831944444e+14 6.2767408883839372e-04 -1.1072389226831919e-01
1.8997265133680556e+14 8.4159657023124234e-04 2.8405494624836874e-01
1.9049312435416666e+14 1.0029284059317660e-03 7.2064839906912959e-01
1.9101359737152778e+14 1.0609257623164037e-03 1.1963368269676262e+00
1.9153407038888888e+14 1.0585158376364031e-03 1.6864316544769706e+00
1.9205454340625000e+14 9.9804168474604683e-04 2.2348612252922315e+00
1.9257501642361109e+14 9.0614258527750937e-04 2.8028774436134491e+00
1.9309548944097222e+14 8.3954307670269389e-04 3.4279567290205319e+00
1.9361596245833331e+14 7.7995801661310854e-04 4.0646634491156375e+00
1.9413643547569444e+14 7.7570271036794033e-04 4.6686002526166046e+00
1.9465690849305556e+14 7.7539101815988771e-04 5.2405467541701389e+00
1.9517738151041666e+14 7.7788094326710190e-04 5.7188751842083949e+00
1.9569785452777778e+14 7.7442724019014149e-04 6.1617877774969951e+00
1.9621832754513888e+14 7.4089582253868147e-04 6.5315595120807561e+00
1.9673880056250000e+14 7.1384413733980581e-04 6.8691122458122109e+00
1.9725927357986109e+14 6.6024542606612612e-04 7.1718883420077821e+00
1.9777974659722222e+14 6.2547801419131691e-04 7.4551944011261861e+00
1.9830021961458331e+14 5.6917520357245989e-04 7.7652923479023777e+00
1.9882069263194444e+14 5.1912595976020561e-04 8.0920527690254609e+00
1.9934116564930553e+14 4.4294952441002001e-04 8.5387080882691109e+00
1.9986163866666666e+14 3.5860456336789373e-04 9.0946043219327137e+00
("port 4","mode 1",1,"port 4",1,"transmission")
(25, 3)
1.8737028625000000e+14 1.8688278951402449e-03 2.9599002228549955e+00
1.8789075926736112e+14 2.8814851971492085e-03 2.5215025863282450e+00
1.8841123228472222e+14 3.8529336248848511e-03 2.3281663211484092e+00
1.8893170530208334e+14 5.8419488282783951e-03 2.5813378063912915e+00
1.8945217831944444e+14 6.5139610018125453e-03 2.8507990862445678e+00
1.8997265133680556e+14 7.6514891862954687e-03 3.2415131109129725e+00
1.9049312435416666e+14 7.1292174442907129e-03 3.7017727578047195e+00
1.9101359737152778e+14 7.0497049226728517e-03 4.1510613020157070e+00
1.9153407038888888e+14 6.1486888473538028e-03 4.7733012234466212e+00
1.9205454340625000e+14 5.3646713631001156e-03 5.2769494453741972e+00
1.9257501642361109e+14 5.0837785917612335e-03 5.9382294892612046e+00
1.9309548944097222e+14 4.0731250852326468e-03 6.4606843489153247e+00
1.9361596245833331e+14 3.9245159205198634e-03 6.9179655106535769e+00
1.9413643547569444e+14 2.7941907553042621e-03 7.3984200186765658e+00
1.9465690849305556e+14 2.2974319614302132e-03 7.5388670806764626e+00
1.9517738151041666e+14 1.3581650194077102e-03 7.9608163829527587e+00
1.9569785452777778e+14 9.5510167274702983e-04 7.5925904374531834e+00
1.9621832754513888e+14 2.7443401175491220e-04 8.4168877323473410e+00
1.9673880056250000e+14 4.2966747974366212e-04 5.8993947120338772e+00
1.9725927357986109e+14 1.0986836987291247e-03 4.9991123977075551e+00
1.9777974659722222e+14 2.0536290523341344e-03 5.4723810672671993e+00
1.9830021961458331e+14 2.8828452501761508e-03 5.4967106034998068e+00
1.9882069263194444e+14 3.8685704136593815e-03 5.8509345519432987e+00
1.9934116564930553e+14 4.1065746219894304e-03 5.9847642151879485e+00
1.9986163866666666e+14 4.5425769491284317e-03 6.2532922204677819e+00
("port 4","mode 1",1,"port 3",1,"transmission")
(25, 3)
1.8737028625000000e+14 9.3621776438172832e-01 -7.2084159675674919e-01
1.8789075926736112e+14 9.4060650086076225e-01 -2.2659699563372196e-01
1.8841123228472222e+14 9.4293970740796806e-01 2.6716349198524098e-01
1.8893170530208334e+14 9.4770443505670399e-01 7.6261900613838141e-01
1.8945217831944444e+14 9.4878978967917493e-01 1.2577696359593280e+00
1.8997265133680556e+14 9.5362840241651681e-01 1.7536270510892580e+00
1.9049312435416666e+14 9.5414177874296335e-01 2.2505488675324052e+00
1.9101359737152778e+14 9.5837062669173423e-01 2.7466024323625020e+00
1.9153407038888888e+14 9.5906493204789156e-01 3.2449904680388184e+00
1.9205454340625000e+14 9.6218888380035861e-01 3.7416760742386317e+00
1.9257501642361109e+14 9.6335354131907591e-01 4.2407456767798717e+00
1.9309548944097222e+14 9.6547312206941371e-01 4.7387024937895834e+00
1.9361596245833331e+14 9.6677519506248133e-01 5.2377531471577123e+00
1.9413643547569444e+14 9.6851889172245464e-01 5.7372636968407109e+00
1.9465690849305556e+14 9.6931360990233928e-01 6.2361615577118119e+00
1.9517738151041666e+14 9.7134477712275902e-01 6.7368792265025244e+00
1.9569785452777778e+14 9.7122098603086782e-01 7.2360658408941445e+00
1.9621832754513888e+14 9.7374482027786335e-01 7.7372469627421516e+00
1.9673880056250000e+14 9.7286232046546328e-01 8.2373120311409505e+00
1.9725927357986109e+14 9.7549984590844840e-01 8.7383480837836718e+00
1.9777974659722222e+14 9.7446778688080993e-01 9.2395038555134317e+00
1.9830021961458331e+14 9.7659073287126663e-01 9.7403371079980765e+00
1.9882069263194444e+14 9.7599064866263596e-01 1.0242209549332701e+01
1.9934116564930553e+14 9.7724630411309221e-01 1.0743301217703495e+01
1.9986163866666666e+14 9.7720051602864022e-01 1.1245198588471487e+01
("port 3","mode 1",1,"port 1",1,"transmission")
(25, 3)
1.8737028625000000e+14 5.7204908179645019e-04 -1.9067785443025678e+00
1.8789075926736112e+14 3.0408364599951356e-04 -1.6627794529458715e+00
1.8841123228472222e+14 8.5843396883454010e-05 -2.7571230501615762e+00
1.8893170530208334e+14 3.2648467761097947e-04 -3.5771015357668507e+00
1.8945217831944444e+14 6.1613193543788016e-04 -3.2535580834808231e+00
1.8997265133680556e+14 8.3012740979686414e-04 -2.8588959683455037e+00
1.9049312435416666e+14 9.9082544138766044e-04 -2.4198511839915540e+00
1.9101359737152778e+14 1.0494095033337413e-03 -1.9434299329441533e+00
1.9153407038888888e+14 1.0485046385174004e-03 -1.4505765087912088e+00
1.9205454340625000e+14 9.8946888862863082e-04 -9.0059818740586572e-01
1.9257501642361109e+14 9.0094060975614448e-04 -3.3037617188150215e-01
1.9309548944097222e+14 8.3671749241639179e-04 2.9610595808022772e-01
1.9361596245833331e+14 7.8014991079524332e-04 9.3210073514144842e-01
1.9413643547569444e+14 7.7762533464113793e-04 1.5355382531726518e+00
1.9465690849305556e+14 7.7767061077995271e-04 2.1052951031791918e+00
1.9517738151041666e+14 7.8111202296695704e-04 2.5832654109430964e+00
1.9569785452777778e+14 7.7678377785585933e-04 3.0261813291337312e+00
1.9621832754513888e+14 7.4400038421995509e-04 3.3963421013306698e+00
1.9673880056250000e+14 7.1621886238145143e-04 3.7360044670659183e+00
1.9725927357986109e+14 6.6319386966030825e-04 4.0399098902695805e+00
1.9777974659722222e+14 6.2813319609358995e-04 4.3269025136307082e+00
1.9830021961458331e+14 5.7244675083656404e-04 4.6387887026588954e+00
1.9882069263194444e+14 5.2323885789463042e-04 4.9705601120078429e+00
1.9934116564930553e+14 4.4885827046817157e-04 5.4192929483841219e+00
1.9986163866666666e+14 3.6842121766514439e-04 5.9773594717687519e+00
("port 3","mode 1",1,"port 2",1,"transmission")
(25, 3)
1.8737028625000000e+14 2.7504634905049435e-01 2.5186537233693422e+00
1.8789075926736112e+14 2.6992330641626733e-01 2.9466177091702477e+00
1.8841123228472222e+14 2.6403895280131662e-01 3.3804941863673994e+00
1.8893170530208334e+14 2.5850044848643461e-01 3.8095665265179477e+00
1.8945217831944444e+14 2.5322698237608965e-01 4.2433632206354108e+00
1.8997265133680556e+14 2.4750118535817053e-01 4.6748321896283986e+00
1.9049312435416666e+14 2.4253675083428081e-01 5.1074399291647614e+00
1.9101359737152778e+14 2.3701491464304522e-01 5.5417286628685956e+00
1.9153407038888888e+14 2.3199096486418935e-01 5.9731736717117387e+00
1.9205454340625000e+14 2.2699748932779837e-01 6.4095212088923255e+00
1.9257501642361109e+14 2.2170506858230044e-01 6.8409195729770893e+00
1.9309548944097222e+14 2.1732951344238555e-01 7.2777818862130408e+00
1.9361596245833331e+14 2.1182560860133620e-01 7.7107001635308663e+00
1.9413643547569444e+14 2.0788299051570427e-01 8.1465070200635843e+00
1.9465690849305556e+14 2.0247741396044683e-01 8.5819914055335715e+00
1.9517738151041666e+14 1.9862340788742325e-01 9.0162117659416801e+00
1.9569785452777778e+14 1.9365747175683207e-01 9.4540142467337684e+00
1.9621832754513888e+14 1.8961418928113233e-01 9.8873747920570256e+00
1.9673880056250000e+14 1.8527465191915346e-01 1.0326066021830936e+01
1.9725927357986109e+14 1.8098399907139939e-01 1.0760181707400029e+01
1.9777974659722222e+14 1.7719129668501102e-01 1.1197913159773393e+01
1.9830021961458331e+14 1.7284206441253597e-01 1.1634277759161764e+01
1.9882069263194444e+14 1.6930639725466748e-01 1.2069869620174565e+01
1.9934116564930553e+14 1.6521339959210332e-01 1.2508886072450355e+01
1.9986163866666666e+14 1.6161191642399961e-01 1.2942581846420904e+01
("port 3","mode 1",1,"port 4",1,"transmission")
(25, 3)
1.8737028625000000e+14 9.3621797353112279e-01 -7.2084198224481721e-01
1.8789075926736112e+14 9.4060626787730583e-01 -2.2659665882185059e-01
1.8841123228472222e+14 9.4294005395526304e-01 2.6716297882910395e-01
1.8893170530208334e+14 9.4770445928017844e-01 7.6261934462830094e-01
1.8945217831944444e+14 9.4879023607489721e-01 1.2577693497678542e+00
1.8997265133680556e+14 9.5362833031999394e-01 1.7536274224379624e+00
1.9049312435416666e+14 9.5414227079149461e-01 2.2505485010326938e+00
1.9101359737152778e+14 9.5837074731166727e-01 2.7466028397005382e+00
1.9153407038888888e+14 9.5906541928244360e-01 3.2449904131787606e+00
1.9205454340625000e+14 9.6218877652874824e-01 3.7416765141635664e+00
1.9257501642361109e+14 9.6335391642471679e-01 4.2407455969555112e+00
1.9309548944097222e+14 9.6547291097471521e-01 4.7387027455620743e+00
1.9361596245833331e+14 9.6677572109897980e-01 5.2377529762090891e+00
1.9413643547569444e+14 9.6851872792757976e-01 5.7372639923487352e+00
1.9465690849305556e+14 9.6931417079227056e-01 6.2361614036399748e+00
1.9517738151041666e+14 9.7134466457448998e-01 6.7368795437726261e+00
1.9569785452777778e+14 9.7122156046883690e-01 7.2360657800054913e+00
1.9621832754513888e+14 9.7374466117456260e-01 7.7372472786948050e+00
1.9673880056250000e+14 9.7286289964800698e-01 8.2373119448941541e+00
1.9725927357986109e+14 9.7549977112515895e-01 8.7383483381466895e+00
1.9777974659722222e+14 9.7446849077866560e-01 9.2395038811620545e+00
1.9830021961458331e+14 9.7659065696218406e-01 9.7403375184403025e+00
1.9882069263194444e+14 9.7599121013563217e-01 1.0242209764231033e+01
1.9934116564930553e+14 9.7724597192314266e-01 1.0743301665447175e+01
1.9986163866666666e+14 9.7720072573814099e-01 1.1245198812692406e+01
("port 3","mode 1",1,"port 3",1,"transmission")
(25, 3)
1.8737028625000000e+14 1.8559565220700263e-03 2.9636970155814555e+00
1.8789075926736112e+14 2.8721032324285117e-03 2.5194966811857595e+00
1.8841123228472222e+14 3.8504686823517746e-03 2.3261823006927749e+00
1.8893170530208334e+14 5.8431686827815615e-03 2.5804357021423847e+00
1.8945217831944444e+14 6.5161577967270826e-03 2.8506455203772694e+00
1.8997265133680556e+14 7.6539976743405323e-03 3.2418339478870632e+00
1.9049312435416666e+14 7.1309161772811370e-03 3.7027796567295099e+00
1.9101359737152778e+14 7.0499568175612344e-03 4.1525713615944930e+00
1.9153407038888888e+14 6.1502337337823862e-03 4.7757805661669508e+00
1.9205454340625000e+14 5.3651467183774204e-03 5.2805922030117625e+00
1.9257501642361109e+14 5.0881421788335256e-03 5.9428689557033225e+00
1.9309548944097222e+14 4.0779876952932569e-03 6.4677125161312787e+00
1.9361596245833331e+14 3.9286734396032736e-03 6.9264094776429221e+00
1.9413643547569444e+14 2.7979823118379965e-03 7.4123840724035244e+00
1.9465690849305556e+14 2.2855887738083835e-03 7.5572885921862980e+00
1.9517738151041666e+14 1.3417274367806783e-03 7.9955763403386140e+00
1.9569785452777778e+14 9.0326230112543356e-04 7.6125306764103247e+00
1.9621832754513888e+14 2.2997595084462926e-04 8.5805320316440206e+00
1.9673880056250000e+14 4.7904007277617882e-04 5.8011045319167822e+00
1.9725927357986109e+14 1.1581482811207939e-03 5.0345466738631819e+00
1.9777974659722222e+14 2.1169552032314558e-03 5.4941590077844120e+00
1.9830021961458331e+14 2.9206787678365655e-03 5.5221946403892845e+00
1.9882069263194444e+14 3.8977994434820831e-03 5.8725568593077435e+00
1.9934116564930553e+14 4.1031586965301608e-03 6.0077673135976024e+00
1.9986163866666666e+14 4.5169265762589252e-03 6.2745234593899619e+00
