["port 1","LEFT"]
["port 2","RIGHT"]
["port 3","BOTTOM"]
["port 4","BOTTOM"]
("port 1","mode 1",1,"port 1",1,"transmission")
(27, 3)
1.8737028625000000e+14 3.7599565535623557e-03 3.1101189308998154e+00
1.8789075926736112e+14 3.7915770979419340e-03 3.0984059697093995e+00
1.8841123228472222e+14 2.8276101943071311e-03 3.0523777012271185e+00
1.8893170530208334e+14 3.1576202964920799e-03 3.0098122512044347e+00
1.8945217831944444e+14 2.5479756891906421e-03 2.9782433688949053e+00
1.8997265133680556e+14 2.9749694485107607e-03 3.0758248112700199e+00
1.9049312435416666e+14 2.2277093758426856e-03 3.2099323181437769e+00
1.9101359737152778e+14 2.3436582763174830e-03 3.3939334166925961e+00
1.9153407038888888e+14 1.3415874091311526e-03 3.7487000100062953e+00
1.9205454340625000e+14 1.2063456004394969e-03 3.8868491729341965e+00
1.9257501642361109e+14 5.4874797709359184e-04 5.0642504940424615e+00
1.9309548944097222e+14 3.1597028578809387e-04 5.0919041380923344e+00
1.9359660086208747e+14 7.8198185755337039e-04 6.3506497576931267e+00
1.9361596245833331e+14 7.8480863136283258e-04 6.3951748369685051e+00
1.9363532405457916e+14 7.8577559593005146e-04 6.4386222439869449e+00
1.9413643547569444e+14 4.5813758492821183e-04 6.4904620933953394e+00
1.9465690849305556e+14 1.0876995663360734e-03 6.5297396445197853e+00
1.9517738151041666e+14 8.6166252853139889e-04 6.4567646624071298e+00
1.9569785452777778e+14 1.5823159825295913e-03 6.5528803641896722e+00
1.9621832754513888e+14 1.3406742973165260e-03 6.6184834472763239e+00
1.9673880056250000e+14 1.8664358324728891e-03 6.7308394144798251e+00
1.9725927357986109e+14 1.3282088945478063e-03 6.8078503822894829e+00
1.9777974659722222e+14 1.5646100868570284e-03 6.7547145931767432e+00
1.9830021961458331e+14 9.9481999804953091e-04 6.4350732558654311e+00
1.9882069263194444e+14 1.5538257156166920e-03 6.2616883014517750e+00
1.9934116564930553e+14 1.6903789390193534e-03 5.9257838241620533e+00
1.9986163866666666e+14 2.4800400272554121e-03 6.0868075110115818e+00
("port 1","mode 1",1,"port 2",1,"transmission")
(27, 3)
1.8737028625000000e+14 9.1194766751628986e-01 -5.7655641434587879e-01
1.8789075926736112e+14 9.1662514109991788e-01 -2.0978236574878265e-01
1.8841123228472222e+14 9.1875031790352080e-01 1.5582428432353879e-01
1.8893170530208334e+14 9.2371691440657100e-01 5.2324646651994355e-01
1.8945217831944444e+14 9.2507057309537655e-01 8.8995863975640399e-01
1.8997265133680556e+14 9.3007232172775678e-01 1.2576025342071735e+00
1.9049312435416666e+14 9.3102069970063306e-01 1.6255474955264098e+00
1.9101359737152778e+14 9.3568078309009528e-01 1.9932520897168766e+00
1.9153407038888888e+14 9.3662223934398658e-01 2.3622952131766133e+00
1.9205454340625000e+14 9.4059565278583035e-01 2.7301688362824907e+00
1.9257501642361109e+14 9.4181904686098838e-01 3.0999376611674196e+00
1.9309548944097222e+14 9.4495495143130470e-01 3.4682982028223024e+00
1.9359660086208747e+14 9.4643543643765204e-01 3.8246150768546023e+00
1.9361596245833331e+14 9.4648369553508016e-01 3.8383269220625351e+00
1.9363532405457916e+14 9.4653595647181366e-01 3.8520361612847323e+00
1.9413643547569444e+14 9.4890047208065975e-01 4.2074610228415334e+00
1.9465690849305556e+14 9.5057433329414120e-01 4.5774064695718897e+00
1.9517738151041666e+14 9.5254039538974122e-01 4.9474989666194205e+00
1.9569785452777778e+14 9.5403817695423510e-01 5.3171785892985790e+00
1.9621832754513888e+14 9.5592048509845262e-01 5.6881681294511743e+00
1.9673880056250000e+14 9.5694060862403141e-01 6.0576548062777293e+00
1.9725927357986109e+14 9.5902275148554095e-01 6.4292732162302446e+00
1.9777974659722222e+14 9.5939702348491940e-01 6.7988189896614868e+00
1.9830021961458331e+14 9.6176940127678656e-01 7.1706768365519764e+00
1.9882069263194444e+14 9.6154412851404558e-01 7.5405771220536604e+00
1.9934116564930553e+14 9.6408180348506900e-01 7.9123183428217514e+00
1.9986163866666666e+14 9.6349370402130596e-01 8.2827736673083887e+00
("port 1","mode 1",1,"port 3",1,"transmission")
(27, 3)
1.8737028625000000e+14 1.5450762806660627e-03 -2.5393108031111793e+00
1.8789075926736112e+14 1.2931735295262300e-03 -2.1779662491622283e+00
1.8841123228472222e+14 9.9781485619281204e-04 -1.8731481644580661e+00
1.8893170530208334e+14 7.0098579601465241e-04 -1.6539912966940300e+00
1.8945217831944444e+14 5.1530346883725412e-04 -1.6802738071223418e+00
1.8997265133680556e+14 5.0376219540465409e-04 -1.7419130646137264e+00
1.9049312435416666e+14 6.0946208695689336e-04 -1.6008437686639116e+00
1.9101359737152778e+14 7.1625928412452329e-04 -1.2000190582802339e+00
1.9153407038888888e+14 7.9855076107616431e-04 -7.0883566094305062e-01
1.9205454340625000e+14 8.8140743569280254e-04 -1.2820998875424333e-01
1.9257501642361109e+14 9.4413324035589143e-04 4.6045583057904604e-01
1.9309548944097222e+14 1.0332578347568683e-03 1.0355575681878533e+00
1.9359660086208747e+14 1.0909507766237337e-03 1.5691090198977364e+00
1.9361596245833331e+14 1.0926013460815039e-03 1.5883820301081475e+00
1.9363532405457916e+14 1.0942502317687719e-03 1.6075535289941647e+00
1.9413643547569444e+14 1.1391232068182460e-03 2.0830623019928485e+00
1.9465690849305556e+14 1.1454780234323462e-03 2.5555819215188178e+00
1.9517738151041666e+14 1.1046765236588424e-03 2.9707405457295351e+00
1.9569785452777778e+14 1.0415675432719920e-03 3.3588735585798384e+00
1.9621832754513888e+14 9.3823756921550987e-04 3.6984408792570056e+00
1.9673880056250000e+14 8.4828432855618967e-04 3.9989768102084899e+00
1.9725927357986109e+14 7.5057970151866642e-04 4.2726145385955379e+00
1.9777974659722222e+14 6.9251877332137247e-04 4.5249377956994348e+00
1.9830021961458331e+14 6.4155083856669987e-04 4.8267042947539487e+00
1.9882069263194444e+14 6.1497575064246455e-04 5.1749637997581157e+00
1.9934116564930553e+14 5.9367073517642042e-04 5.6630912299267546e+00
1.9986163866666666e+14 5.9282987746206417e-04 6.2399437542987481e+00
("port 1","mode 1",1,"port 4",1,"transmission")
(27, 3)
1.8737028625000000e+14 3.9678469937984778e-01 -6.5063337821081002e-01
1.8789075926736112e+14 3.9087841433189474e-01 -2.2278091095715602e-01
1.8841123228472222e+14 3.8381388876099670e-01 2.1068380561286004e-01
1.8893170530208334e+14 3.7729290891086803e-01 6.3964672187075100e-01
1.8945217831944444e+14 3.7087691047061433e-01 1.0731134139217191e+00
1.8997265133680556e+14 3.6403052638753242e-01 1.5042487723884046e+00
1.9049312435416666e+14 3.5789799851098142e-01 1.9367932448469578e+00
1.9101359737152778e+14 3.5121680557856877e-01 2.3704266320302407e+00
1.9153407038888888e+14 3.4492050229782339e-01 2.8020901511881475e+00
1.9205454340625000e+14 3.3881508629148499e-01 3.2375538681871938e+00
1.9257501642361109e+14 3.3210467844538533e-01 3.6692868625044812e+00
1.9309548944097222e+14 3.2668892864917642e-01 4.1052566369955645e+00
1.9359660086208747e+14 3.1987044079890886e-01 4.5223476162256233e+00
1.9361596245833331e+14 3.1965881824422626e-01 4.5383372090047187e+00
1.9363532405457916e+14 3.1945326319474032e-01 4.5543322551964502e+00
1.9413643547569444e+14 3.1470743776860099e-01 4.9735664221191938e+00
1.9465690849305556e+14 3.0773651179681527e-01 5.4087965418263106e+00
1.9517738151041666e+14 3.0284007434386834e-01 5.8428400033426700e+00
1.9569785452777778e+14 2.9636032844120874e-01 6.2800054069329834e+00
1.9621832754513888e+14 2.9117967353490704e-01 6.7134682739457299e+00
1.9673880056250000e+14 2.8542760842137921e-01 7.1513972552712213e+00
1.9725927357986109e+14 2.7989627623100860e-01 7.5855772534171324e+00
1.9777974659722222e+14 2.7478109380852778e-01 8.0227891657619121e+00
1.9830021961458331e+14 2.6913702650738364e-01 8.4588596560898885e+00
1.9882069263194444e+14 2.6431107035271040e-01 8.8944220357696793e+00
1.9934116564930553e+14 2.5895045365203329e-01 9.3326761641078804e+00
1.9986163866666666e+14 2.5402486809887409e-01 9.7667868008110581e+00
("port 2","mode 1",1,"port 1",1,"transmission")
(27, 3)
1.8737028625000000e+14 9.1184893530045741e-01 -5.7653311822870290e-01
1.8789075926736112e+14 9.1657249903940685e-01 -2.0994305170028474e-01
1.8841123228472222e+14 9.1867302772816772e-01 1.5587076221275564e-01
1.8893170530208334e+14 9.2368948258332395e-01 5.2310654969470716e-01
1.8945217831944444e+14 9.2501265892473250e-01 8.9002127301299661e-01
1.8997265133680556e+14 9.3006415002701204e-01 1.2574832386521693e+00
1.9049312435416666e+14 9.3097821366891365e-01 1.6256198504446870e+00
1.9101359737152778e+14 9.3568674615421177e-01 1.9931548402094077e+00
1.9153407038888888e+14 9.3658474391189450e-01 2.3623685685896594e+00
1.9205454340625000e+14 9.4061814521342946e-01 2.7300850852238021e+00
1.9257501642361109e+14 9.4178301362300099e-01 3.1000170542722749e+00
1.9309548944097222e+14 9.4497778209014371e-01 3.4682198287179138e+00
1.9359660086208747e+14 9.4641313560109608e-01 3.8246828596074436e+00
1.9361596245833331e+14 9.4645368023544529e-01 3.8383913292425058e+00
1.9363532405457916e+14 9.4649867779443086e-01 3.8520962395707183e+00
1.9413643547569444e+14 9.4893704406757040e-01 4.2073976551533612e+00
1.9465690849305556e+14 9.5053203073395620e-01 4.5774678634411430e+00
1.9517738151041666e+14 9.5257708487459325e-01 4.9474358954911768e+00
1.9569785452777778e+14 9.5398281404303442e-01 5.3172293563470721e+00
1.9621832754513888e+14 9.5595503144926930e-01 5.6881010235913765e+00
1.9673880056250000e+14 9.5686837185438989e-01 6.0576963200179037e+00
1.9725927357986109e+14 9.5904491956052007e-01 6.4291978214085210e+00
1.9777974659722222e+14 9.5930435069409414e-01 6.7988450363948214e+00
1.9830021961458331e+14 9.6177503663367425e-01 7.1705890423569274e+00
1.9882069263194444e+14 9.6142990435348008e-01 7.5405862536262562e+00
1.9934116564930553e+14 9.6406341543046514e-01 7.9122194320672952e+00
1.9986163866666666e+14 9.6335075957986749e-01 8.2827620250746836e+00
("port 2","mode 1",1,"port 2",1,"transmission")
(27, 3)
1.8737028625000000e+14 3.8116516896475800e-03 -3.1347308319296801e+00
1.8789075926736112e+14 3.9211851039738397e-03 -3.2348522370057502e+00
1.8841123228472222e+14 2.8432206552813592e-03 -3.1792301274170760e+00
1.8893170530208334e+14 3.2927140229582767e-03 -3.3236881784612806e+00
1.8945217831944444e+14 2.5239930888498424e-03 -3.2470283240315587e+00
1.8997265133680556e+14 3.0868522713593553e-03 -3.2575426107010168e+00
1.9049312435416666e+14 2.2105094394377052e-03 -3.0044359189882823e+00
1.9101359737152778e+14 2.3974043081955612e-03 -2.9580566016399086e+00
1.9153407038888888e+14 1.3906841220871287e-03 -2.4244119172322391e+00
1.9205454340625000e+14 1.1820496442697009e-03 -2.5227820117227493e+00
1.9257501642361109e+14 6.9870365297621927e-04 -1.1869647002153658e+00
1.9309548944097222e+14 1.7768816645563707e-04 -1.3955837496434895e+00
1.9359660086208747e+14 8.6247921445995455e-04 -1.0340341494082275e-01
1.9361596245833331e+14 8.7411572439170077e-04 -5.0775982196481446e-02
1.9363532405457916e+14 8.8359289479151637e-04 1.1064303883254515e-03
1.9413643547569444e+14 4.2154565242367460e-04 5.3328455357468540e-01
1.9465690849305556e+14 1.1570474007151622e-03 1.2901563944219116e-01
1.9517738151041666e+14 7.9147434025599245e-04 3.3653865843231834e-01
1.9569785452777778e+14 1.6438962588503144e-03 1.9067638699268297e-01
1.9621832754513888e+14 1.2716702219139153e-03 4.4324379530262775e-01
1.9673880056250000e+14 1.8995375670952325e-03 3.8123244914950838e-01
1.9725927357986109e+14 1.2654953870910946e-03 6.4482789275239971e-01
1.9777974659722222e+14 1.5864559931456231e-03 3.9953130052814240e-01
1.9830021961458331e+14 8.5501659338945606e-04 2.7996960817043287e-01
1.9882069263194444e+14 1.6088421657262713e-03 -7.4024308070440734e-02
1.9934116564930553e+14 1.4871379721640827e-03 -3.5328957726351623e-01
1.9986163866666666e+14 2.5251030212367614e-03 -2.2358208269028351e-01
("port 2","mode 1",1,"port 3",1,"transmission")
(27, 3)
1.8737028625000000e+14 3.9678745123438647e-01 2.4908842301755256e+00
1.8789075926736112e+14 3.9088112384435392e-01 2.9187348584054673e+00
1.8841123228472222e+14 3.8381619108615994e-01 3.3521991629447672e+00
1.8893170530208334e+14 3.7729515675924818e-01 3.7811603966776288e+00
1.8945217831944444e+14 3.7087868291773474e-01 4.2146265732337760e+00
1.8997265133680556e+14 3.6403233329997353e-01 4.6457601629413627e+00
1.9049312435416666e+14 3.5789941731993929e-01 5.0783042167610857e+00
1.9101359737152778e+14 3.5121835641861338e-01 5.5119360865675002e+00
1.9153407038888888e+14 3.4492167258576423e-01 5.9435994729067883e+00
1.9205454340625000e+14 3.3881638927284968e-01 6.3790616841851717e+00
1.9257501642361109e+14 3.3210571131633654e-01 6.8107944881964730e+00
1.9309548944097222e+14 3.2669021569097395e-01 7.2467631092859222e+00
1.9359660086208747e+14 3.1987141762192817e-01 7.6638543568541220e+00
1.9361596245833331e+14 3.1965977790628525e-01 7.6798438863168270e+00
1.9363532405457916e+14 3.1945420733385566e-01 7.6958388640762561e+00
1.9413643547569444e+14 3.1470856897721067e-01 8.1150716038698967e+00
1.9465690849305556e+14 3.0773750381074666e-01 8.5503018179466732e+00
1.9517738151041666e+14 3.0284110872066483e-01 8.9843441954103103e+00
1.9569785452777778e+14 2.9636117871348333e-01 9.4215085263137563e+00
1.9621832754513888e+14 2.9118093435247261e-01 9.8549701387816047e+00
1.9673880056250000e+14 2.8542872085332804e-01 1.0292898709358857e+01
1.9725927357986109e+14 2.7989769506950096e-01 1.0727077388304629e+01
1.9777974659722222e+14 2.7478238516210790e-01 1.1164288648505496e+01
1.9830021961458331e+14 2.6913858921896794e-01 1.1600357879905349e+01
1.9882069263194444e+14 2.6431242105378117e-01 1.2035919252090643e+01
1.9934116564930553e+14 2.5895210661080087e-01 1.2474171692510298e+01
1.9986163866666666e+14 2.5402634131041080e-01 1.2908281405023363e+01
("port 2","mode 1",1,"port 4",1,"transmission")
(27, 3)
1.8737028625000000e+14 1.5165560304408890e-03 5.9016926699126004e-01
1.8789075926736112e+14 1.2672969602231100e-03 9.4892646305991502e-01
1.8841123228472222e+14 9.7599364469910528e-04 1.2468905193226709e+00
1.8893170530208334e+14 6.8529660857128696e-04 1.4537160174606356e+00
1.8945217831944444e+14 5.1209127962068652e-04 1.4089928787928816e+00
1.8997265133680556e+14 5.1299875458026163e-04 1.3540751462560179e+00
1.9049312435416666e+14 6.2385838651277711e-04 1.5100493217965616e+00
1.9101359737152778e+14 7.3050972816225343e-04 1.9182490106237564e+00
1.9153407038888888e+14 8.1054356139850510e-04 2.4118355616733216e+00
1.9205454340625000e+14 8.9074318459423263e-04 2.9940289800564326e+00
1.9257501642361109e+14 9.4984364939767736e-04 3.5842171400999705e+00
1.9309548944097222e+14 1.0366323639382112e-03 4.1609857812917426e+00
1.9359660086208747e+14 1.0923126389956368e-03 4.6966874415258468e+00
1.9361596245833331e+14 1.0938862515384074e-03 4.7160226366244835e+00
1.9363532405457916e+14 1.0954596896183937e-03 4.7352538914119418e+00
1.9413643547569444e+14 1.1393203235894758e-03 5.2118214972107193e+00
1.9465690849305556e+14 1.1455933191695683e-03 5.6857339401185554e+00
1.9517738151041666e+14 1.1046171606635209e-03 6.1013355856721736e+00
1.9569785452777778e+14 1.0425715243376600e-03 6.4898666666633709e+00
1.9621832754513888e+14 9.3972629883072947e-04 6.8297154523714525e+00
1.9673880056250000e+14 8.5121911260001607e-04 7.1304074637887673e+00
1.9725927357986109e+14 7.5411829858403100e-04 7.4051873078055870e+00
1.9777974659722222e+14 6.9696912243717962e-04 7.6583977099323599e+00
1.9830021961458331e+14 6.4598978993385132e-04 7.9623869797811153e+00
1.9882069263194444e+14 6.1905952868915738e-04 8.3113182425764105e+00
1.9934116564930553e+14 5.9720917500704436e-04 8.8007310683569280e+00
1.9986163866666666e+14 5.9513261631819749e-04 9.3774432780195411e+00
("port 3","mode 1",1,"port 1",1,"transmission")
(27, 3)
1.8737028625000000e+14 1.6268699258918376e-03 -2.6360031914247313e+00
1.8789075926736112e+14 1.3399073404769459e-03 -2.2928046990837934e+00
1.8841123228472222e+14 1.0224221501668141e-03 -2.0154925960832166e+00
1.8893170530208334e+14 7.2055046455321808e-04 -1.8382773148536256e+00
1.8945217831944444e+14 5.5788569349553578e-04 -1.8925178825326336e+00
1.8997265133680556e+14 5.6483415900249884e-04 -1.9133086478971697e+00
1.9049312435416666e+14 6.6633169265848454e-04 -1.7315345018755746e+00
1.9101359737152778e+14 7.5170469398019282e-04 -1.3160785757447770e+00
1.9153407038888888e+14 8.0536573320259244e-04 -8.1459368354632189e-01
1.9205454340625000e+14 8.5874223377486298e-04 -2.1563407144260938e-01
1.9257501642361109e+14 8.9684536316899939e-04 3.9824312400856304e-01
1.9309548944097222e+14 9.7218161551096828e-04 9.9946787421274719e-01
1.9359660086208747e+14 1.0250446650137187e-03 1.5564929472688940e+00
1.9361596245833331e+14 1.0265867071748986e-03 1.5765196157704093e+00
1.9363532405457916e+14 1.0281319000135943e-03 1.5964294419573597e+00
1.9413643547569444e+14 1.0731248328320229e-03 2.0868124382697637e+00
1.9465690849305556e+14 1.0849450890718960e-03 2.5730836103546810e+00
1.9517738151041666e+14 1.0479828364699053e-03 2.9987132572173398e+00
1.9569785452777778e+14 9.9156713550134805e-04 3.3964540813734994e+00
1.9621832754513888e+14 8.9187332878876862e-04 3.7479836410906762e+00
1.9673880056250000e+14 8.0609438855048718e-04 4.0583862308147829e+00
1.9725927357986109e+14 7.1083219906831088e-04 4.3476268352157899e+00
1.9777974659722222e+14 6.5502276440238916e-04 4.6103619566132146e+00
1.9830021961458331e+14 6.1055826928847474e-04 4.9304978890673086e+00
1.9882069263194444e+14 5.9434111366282153e-04 5.2919679779988762e+00
1.9934116564930553e+14 5.9755363322390258e-04 5.7922388810464307e+00
1.9986163866666666e+14 6.2682333088563843e-04 6.3573373412971659e+00
("port 3","mode 1",1,"port 2",1,"transmission")
(27, 3)
1.8737028625000000e+14 3.9606486940513413e-01 2.4909783136650399e+00
1.8789075926736112e+14 3.9016193358069062e-01 2.9190549194720754e+00
1.8841123228472222e+14 3.8312641878750159e-01 3.3523409784141651e+00
1.8893170530208334e+14 3.7660933760290799e-01 3.7815048590266467e+00
1.8945217831944444e+14 3.7023390408364160e-01 4.2148164274804927e+00
1.8997265133680556e+14 3.6338714578811804e-01 4.6461413415593444e+00
1.9049312435416666e+14 3.5730431331695595e-01 5.0785410376211848e+00
1.9101359737152778e+14 3.5061805899068327e-01 5.5123558747823438e+00
1.9153407038888888e+14 3.4437770042640264e-01 5.9438774198402369e+00
1.9205454340625000e+14 3.3826194641004192e-01 6.3795102446102607e+00
1.9257501642361109e+14 3.3161552489995810e-01 6.8110934714262061e+00
1.9309548944097222e+14 3.2618677415370739e-01 7.2472439888897240e+00
1.9359660086208747e+14 3.1942269855267491e-01 7.6641635738152782e+00
1.9361596245833331e+14 3.1921513120678047e-01 7.6801584837600902e+00
1.9363532405457916e+14 3.1901339686737790e-01 7.6961599481039906e+00
1.9413643547569444e+14 3.1425740077993658e-01 8.1155471391185348e+00
1.9465690849305556e+14 3.0734333727930901e-01 8.5506292827668720e+00
1.9517738151041666e+14 3.0244014766966221e-01 8.9848123984569526e+00
1.9569785452777778e+14 2.9601426592491231e-01 9.4218418148634928e+00
1.9621832754513888e+14 2.9082616191601918e-01 9.8554146568323944e+00
1.9673880056250000e+14 2.8512791120708586e-01 1.0293220386294953e+01
1.9725927357986109e+14 2.7958622328367011e-01 1.0727484655506645e+01
1.9777974659722222e+14 2.7452585040296817e-01 1.1164579225499178e+01
1.9830021961458331e+14 2.6886791896738133e-01 1.1600716433105672e+01
1.9882069263194444e+14 2.6409685602406086e-01 1.2036164179538284e+01
1.9934116564930553e+14 2.5871802128582594e-01 1.2474476734142927e+01
1.9986163866666666e+14 2.5384417734155973e-01 1.2908472366708654e+01
("port 3","mode 1",1,"port 3",1,"transmission")
(27, 3)
1.8737028625000000e+14 7.1778691034145008e-03 -2.5539382837492455e+00
1.8789075926736112e+14 5.8343871051501142e-03 -2.3679741702948633e+00
1.8841123228472222e+14 3.5440169155932558e-03 -2.0664803767652900e+00
1.8893170530208334e+14 2.1580628307710592e-03 -2.2962837390157809e+00
1.8945217831944444e+14 1.2141168768986792e-03 -2.6634338729360429e+00
1.8997265133680556e+14 2.1780633316920784e-03 -2.9482716152754325e+00
1.9049312435416666e+14 1.9026011659317406e-03 -2.6220923586763716e+00
1.9101359737152778e+14 2.1402483263414976e-03 -2.3374477683066566e+00
1.9153407038888888e+14 1.4489785329031863e-03 -1.4950271318074233e+00
1.9205454340625000e+14 9.2283840391658436e-04 -1.1345051641502921e+00
1.9257501642361109e+14 9.9081590467736593e-04 7.1899366337794937e-02
1.9309548944097222e+14 3.3821420037404780e-04 1.3629022220163260e+00
1.9359660086208747e+14 2.2319268682495063e-04 5.5367774822036220e-01
1.9361596245833331e+14 2.1748756968351546e-04 6.0940876188115922e-01
1.9363532405457916e+14 2.0968079959614977e-04 6.7022603584032148e-01
1.9413643547569444e+14 6.8347556671979166e-04 -1.7478341061959191e+00
1.9465690849305556e+14 1.4871268457235696e-03 -7.1561349274928565e-01
1.9517738151041666e+14 1.8785228385533278e-03 -5.3162745431067115e-01
1.9569785452777778e+14 2.6408969111090695e-03 -3.2617697640521193e-02
1.9621832754513888e+14 2.1759684608492155e-03 2.2859430800624128e-01
1.9673880056250000e+14 2.2108400864473366e-03 4.5500452153928983e-01
1.9725927357986109e+14 1.0943064020586932e-03 3.7526907272512938e-01
1.9777974659722222e+14 1.3887249005382182e-03 -1.5141638267982138e-01
1.9830021961458331e+14 1.9883466203539672e-03 -6.5577803018409719e-01
1.9882069263194444e+14 3.2741164899107761e-03 -3.9879521086843822e-01
1.9934116564930553e+14 3.8441240330780021e-03 -3.0119670686806538e-01
1.9986163866666666e+14 4.6227675591924240e-03 -8.9998618656198428e-03
("port 3","mode 1",1,"port 4",1,"transmission")
(27, 3)
1.8737028625000000e+14 8.9083406870647863e-01 -7.2428291145030688e-01
1.8789075926736112e+14 8.9674827081339359e-01 -2.2929091437045432e-01
1.8841123228472222e+14 9.0050957835334688e-01 2.6539863298386024e-01
1.8893170530208334e+14 9.0658425632189044e-01 7.6148029278542140e-01
1.8945217831944444e+14 9.0915985659124676e-01 1.2574801371847515e+00
1.8997265133680556e+14 9.1511231800804993e-01 1.7539583272419015e+00
1.9049312435416666e+14 9.1709508525499195e-01 2.2515575424985306e+00
1.9101359737152778e+14 9.2235754862083852e-01 2.7482843826375101e+00
1.9153407038888888e+14 9.2438025975642590e-01 3.2471693280202634e+00
1.9205454340625000e+14 9.2857305237156451e-01 3.7445452393661571e+00
1.9257501642361109e+14 9.3085895272282027e-01 4.2440101179694976e+00
1.9309548944097222e+14 9.3411741840810780e-01 4.7425803956070318e+00
1.9359660086208747e+14 9.3626819850403697e-01 5.2234892142461407e+00
1.9361596245833331e+14 9.3636520888618335e-01 5.2420416214601779e+00
1.9363532405457916e+14 9.3646590584519185e-01 5.2605949385037638e+00
1.9413643547569444e+14 9.3923828327783265e-01 5.7420024042744693e+00
1.9465690849305556e+14 9.4092291117409210e-01 6.2413774987975543e+00
1.9517738151041666e+14 9.4396050742448456e-01 6.7423906513999032e+00
1.9569785452777778e+14 9.4477314705874715e-01 7.2420798523317567e+00
1.9621832754513888e+14 9.4811925255056129e-01 7.7434874532421327e+00
1.9673880056250000e+14 9.4824020085057525e-01 8.2439784989660776e+00
1.9725927357986109e+14 9.5156077276047435e-01 8.7452824768087591e+00
1.9777974659722222e+14 9.5151222275600855e-01 9.2467154586963396e+00
1.9830021961458331e+14 9.5428885862718882e-01 9.7478908047285646e+00
1.9882069263194444e+14 9.5454641797157180e-01 1.0249903198099894e+01
1.9934116564930553e+14 9.5651976931962657e-01 1.0751356219555522e+01
1.9986163866666666e+14 9.5715633136632894e-01 1.1253346970326378e+01
("port 4","mode 1",1,"port 1",1,"transmission")
(27, 3)
1.8737028625000000e+14 3.9601096696830623e-01 -6.5052344311620502e-01
1.8789075926736112e+14 3.9011494773832250e-01 -2.2262419531509078e-01
1.8841123228472222e+14 3.8308539203106451e-01 2.1085785437834345e-01
1.8893170530208334e+14 3.7658121423660518e-01 6.3986598811046558e-01
1.8945217831944444e+14 3.7020096755128101e-01 1.0733490513293837e+00
1.8997265133680556e+14 3.6337568907991213e-01 1.5045305123082215e+00
1.9049312435416666e+14 3.5727668711593930e-01 1.9370910743337997e+00
1.9101359737152778e+14 3.5061853710855978e-01 2.3707622079978679e+00
1.9153407038888888e+14 3.4435313058894529e-01 2.8024408347395640e+00
1.9205454340625000e+14 3.3827145267872460e-01 3.2379190624833045e+00
1.9257501642361109e+14 3.3159507227898560e-01 3.6696755848138003e+00
1.9309548944097222e+14 3.2619533656758160e-01 4.1056469608371362e+00
1.9359660086208747e+14 3.1941283054918085e-01 4.5227392396402291e+00
1.9361596245833331e+14 3.1920220963542695e-01 4.5387304280266232e+00
1.9363532405457916e+14 3.1899759089341906e-01 4.5547270663445243e+00
1.9413643547569444e+14 3.1426764433321569e-01 4.9739617281821538e+00
1.9465690849305556e+14 3.0733068893685989e-01 5.4091938151701102e+00
1.9517738151041666e+14 3.0244730630527505e-01 5.8432303156098335e+00
1.9569785452777778e+14 2.9599972001738140e-01 6.2803833519113850e+00
1.9621832754513888e+14 2.9083165484822976e-01 6.7138364648087876e+00
1.9673880056250000e+14 2.8510765897240536e-01 7.1517410989073253e+00
1.9725927357986109e+14 2.7958910787713814e-01 7.5859045578621691e+00
1.9777974659722222e+14 2.7449778413657988e-01 8.0230813264965590e+00
1.9830021961458331e+14 2.6886723232885662e-01 8.4591264919412517e+00
1.9882069263194444e+14 2.6406058064274052e-01 8.8946517721312901e+00
1.9934116564930553e+14 2.5871166924053535e-01 9.3328690714599585e+00
1.9986163866666666e+14 2.5380051223933098e-01 9.7669456347122079e+00
("port 4","mode 1",1,"port 2",1,"transmission")
(27, 3)
1.8737028625000000e+14 1.6098976831213764e-03 4.9560634362888306e-01
1.8789075926736112e+14 1.3257640064083950e-03 8.3477382285484458e-01
1.8841123228472222e+14 1.0119216190287909e-03 1.1030720509540166e+00
1.8893170530208334e+14 7.1669395944314344e-04 1.2679485096954191e+00
1.8945217831944444e+14 5.6596266418162651e-04 1.2030580144560856e+00
1.8997265133680556e+14 5.8259780021645302e-04 1.1942235722354542e+00
1.9049312435416666e+14 6.8673715790066214e-04 1.3861507699744340e+00
1.9101359737152778e+14 7.7119992333271820e-04 1.8053523252278134e+00
1.9153407038888888e+14 8.2106545251287499e-04 2.3065307964740707e+00
1.9205454340625000e+14 8.7056338278392823e-04 2.9052733595066051e+00
1.9257501642361109e+14 9.0362251731947933e-04 3.5203655291930707e+00
1.9309548944097222e+14 9.7572970311996421e-04 4.1234300552903385e+00
1.9359660086208747e+14 1.0267635436449428e-03 4.6832866229764365e+00
1.9361596245833331e+14 1.0282330973417873e-03 4.7034132556907968e+00
1.9363532405457916e+14 1.0297057413609274e-03 4.7234201355230629e+00
1.9413643547569444e+14 1.0735050682351098e-03 5.2151210102192849e+00
1.9465690849305556e+14 1.0860697353121042e-03 5.7024718163994645e+00
1.9517738151041666e+14 1.0487915389618106e-03 6.1284225254777160e+00
1.9569785452777778e+14 9.9376465851742663e-04 6.5254234314049118e+00
1.9621832754513888e+14 8.9415454929162811e-04 6.8768050323286776e+00
1.9673880056250000e+14 8.0951688475069006e-04 7.1856033220727102e+00
1.9725927357986109e+14 7.1451923788480446e-04 7.4752375780088940e+00
1.9777974659722222e+14 6.5898836396131389e-04 7.7371786364788075e+00
1.9830021961458331e+14 6.1390640822027095e-04 8.0592623557431811e+00
1.9882069263194444e+14 5.9589541872696720e-04 8.4210613420371523e+00
1.9934116564930553e+14 5.9742976645003193e-04 8.9245541862775131e+00
1.9986163866666666e+14 6.2408471943308332e-04 9.4936970437181678e+00
("port 4","mode 1",1,"port 3",1,"transmission")
(27, 3)
1.8737028625000000e+14 8.9083400466123497e-01 -7.2428248878019597e-01
1.8789075926736112e+14 8.9674854725279596e-01 -2.2929118515281588e-01
1.8841123228472222e+14 9.0050929990009121e-01 2.6539912055290665e-01
1.8893170530208334e+14 9.0658429961523224e-01 7.6148010372172770e-01
1.8945217831944444e+14 9.0915921649029452e-01 1.2574804239073571e+00
1.8997265133680556e+14 9.1511233831783945e-01 1.7539577774512312e+00
1.9049312435416666e+14 9.1709454070881102e-01 2.2515576789256526e+00
1.9101359737152778e+14 9.2235763812769633e-01 2.7482837296754057e+00
1.9153407038888888e+14 9.2437991054227231e-01 3.2471693987743624e+00
1.9205454340625000e+14 9.2857323522046897e-01 3.7445448106803236e+00
1.9257501642361109e+14 9.3085848411445482e-01 4.2440101961557941e+00
1.9309548944097222e+14 9.3411770882554412e-01 4.7425799379072711e+00
1.9359660086208747e+14 9.3626782644094864e-01 5.2234895425997010e+00
1.9361596245833331e+14 9.3636479766786640e-01 5.2420419163570191e+00
1.9363532405457916e+14 9.3646545967742156e-01 5.2605951958639654e+00
1.9413643547569444e+14 9.3923828577062818e-01 5.7420021483683383e+00
1.9465690849305556e+14 9.4092221661866704e-01 6.2413774756213707e+00
1.9517738151041666e+14 9.4396068701683911e-01 6.7423901191335780e+00
1.9569785452777778e+14 9.4477260281047182e-01 7.2420798753269073e+00
1.9621832754513888e+14 9.4811938176336152e-01 7.7434869438312894e+00
1.9673880056250000e+14 9.4823972666742407e-01 8.2439783773562816e+00
1.9725927357986109e+14 9.5156104272866326e-01 8.7452820201563348e+00
1.9777974659722222e+14 9.5151183915013982e-01 9.2467153680816665e+00
1.9830021961458331e+14 9.5428923627567630e-01 9.7478905203639297e+00
1.9882069263194444e+14 9.5454604388423381e-01 1.0249903267642729e+01
1.9934116564930553e+14 9.5652011320875352e-01 1.0751356172419172e+01
1.9986163866666666e+14 9.5715582447048220e-01 1.1253347174628603e+01
("port 4","mode 1",1,"port 4",1,"transmission")
(27, 3)
1.8737028625000000e+14 7.1930779419548526e-03 -2.5582539741684927e+00
1.8789075926736112e+14 5.8580646851555309e-03 -2.3719479803048236e+00
1.8841123228472222e+14 3.5709060404957430e-03 -2.0716046346009760e+00
1.8893170530208334e+14 2.1895379050526943e-03 -2.2940459281308012e+00
1.8945217831944444e+14 1.2309148562107916e-03 -2.6425783802169271e+00
1.8997265133680556e+14 2.1716399358373221e-03 -2.9346060712533606e+00
1.9049312435416666e+14 1.8920166423139339e-03 -2.6081012748786030e+00
1.9101359737152778e+14 2.1249536004269054e-03 -2.3262978517090231e+00
1.9153407038888888e+14 1.4427807734511563e-03 -1.4770964563438325e+00
1.9205454340625000e+14 9.1466894517579168e-04 -1.1079597333100850e+00
1.9257501642361109e+14 9.9964851068497576e-04 9.5041948411104679e-02
1.9309548944097222e+14 3.5949217890344988e-04 1.3861863191540160e+00
1.9359660086208747e+14 2.2255590923296167e-04 6.5395755468116601e-01
1.9361596245833331e+14 2.1768907034173590e-04 7.1195710790983313e-01
1.9363532405457916e+14 2.1084056958888667e-04 7.7598001685923290e-01
1.9413643547569444e+14 6.7854544049778583e-04 -1.7768729357742861e+00
1.9465690849305556e+14 1.4726918679852908e-03 -7.2462840629148084e-01
1.9517738151041666e+14 1.8700252349365828e-03 -5.3999930168298993e-01
1.9569785452777778e+14 2.6320738366335155e-03 -3.7923492797480189e-02
1.9621832754513888e+14 2.1714335089453390e-03 2.2177870606534650e-01
1.9673880056250000e+14 2.2099353160377260e-03 4.4882441470281909e-01
1.9725927357986109e+14 1.1009500927021902e-03 3.6496847608432670e-01
1.9777974659722222e+14 1.4000117931043980e-03 -1.5146643697728507e-01
1.9830021961458331e+14 1.9944167936810598e-03 -6.5122195967101448e-01
1.9882069263194444e+14 3.2765321302159847e-03 -3.9593594571977164e-01
1.9934116564930553e+14 3.8431296828428572e-03 -2.9889477817473492e-01
1.9986163866666666e+14 4.6191858250548314e-03 -7.3000967114001851e-03
